Word1,Word2,1,2,3,4,5,6,7,8,9,10,11,12,13,Average Score
vecchio,nuovo,0,0,0,0,0,0,0,0,0,0,0,0,0,0.00
sveglio,intelligente,9,10,10,10,9,10,10,9,9,5,9,7,8,8.85
duro,difficile,8,10,9,8,8,10,9,9,8,4,8,0,10,7.77
felice,allegro,10,10,10,10,9,10,9,9,10,8,7,8,10,9.23
duro,facile,0,0,0,0,1,0,0,0,0,0,0,0,0,0.08
veloce,rapido,10,10,10,10,9,10,10,10,10,8,8,8,10,9.46
felice,contento,10,10,10,10,10,10,10,10,10,8,9,9,10,9.69
corto,lungo,0,0,0,0,0,0,0,0,0,0,0,0,0,0.00
stupido,scemo,10,9,10,10,10,10,10,9,9,8,10,10,10,9.62
bizzarro,strano,10,10,10,10,9,10,10,10,10,7,10,10,10,9.69
largo,stretto,0,0,0,0,0,0,0,0,0,0,0,0,0,0.00
brutto,orribile,10,10,10,10,10,10,10,8,9,8,9,7,10,9.31
facile,difficile,0,0,0,0,0,0,0,0,0,0,0,0,0,0.00
cattivo,terribile,8,9,10,9,8,10,0,7,7,2,2,7,10,6.85
duro,semplice,0,0,0,4,0,0,0,0,0,0,0,0,0,0.31
sveglio,scemo,0,0,0,0,0,0,0,0,0,0,0,0,0,0.00
folle,pazzo,10,10,10,10,10,10,10,10,10,10,10,10,10,10.00
felice,arrabbiato,0,0,0,0,0,0,0,0,0,0,0,0,0,0.00
grande,gigante,8,10,10,10,9,10,9,8,9,9,7,9,10,9.08
duro,tosto,8,10,10,10,9,7,10,10,9,7,10,9,10,9.15
nuovo,fresco,3,10,9,8,7,7,9,8,5,3,0,2,10,6.23
acuto,ottuso,0,0,0,0,1,0,0,0,0,0,0,0,0,0.08
svelto,rapido,10,10,10,10,8,10,9,10,10,7,10,9,10,9.46
scemo,sciocco,9,10,10,10,10,10,9,10,9,9,10,9,10,9.62
meraviglioso,spaventoso,0,0,0,0,7,0,7,0,0,0,0,0,0,1.08
strano,strambo,9,10,10,10,10,10,10,10,10,9,10,10,10,9.85
felice,arrabbiato,0,0,0,0,0,0,0,0,0,0,0,0,0,0.00
stretto,ampio,0,0,0,0,0,0,0,0,0,0,0,0,0,0.00
semplice,facile,10,10,10,10,8,10,10,10,10,10,0,7,10,8.85
vecchio,fresco,0,0,0,0,0,0,0,0,0,0,0,0,0,0.00
evidente,ovvio,10,10,10,10,9,10,10,8,10,7,10,10,10,9.54
economico,conveniente,10,10,10,10,9,10,10,9,10,8,10,8,9,9.46
simpatico,generoso,5,0,0,6,4,0,0,0,2,0,0,0,0,1.31
bizzarro,normale,0,0,0,0,0,0,0,0,0,0,0,0,0,0.00
bizzarro,strambo,9,10,10,9,9,10,10,10,10,8,10,10,10,9.62
cattivo,immorale,7,9,8,6,4,8,8,7,7,3,8,9,6,6.92
triste,buffo,0,0,0,0,3,0,0,0,0,0,0,0,0,0.23
meraviglioso,grande,7,8,8,7,8,9,7,0,4,0,0,0,7,5.00
colpevole,vergognoso,7,9,8,2,7,5,0,7,7,2,0,0,0,4.15
bello,meraviglioso,9,10,10,10,8,10,1,9,9,8,6,4,10,8.00
fiducioso,sicuro,9,10,7,9,6,10,8,7,8,5,0,2,8,6.85
scemo,tardo,9,9,10,9,10,7,8,10,9,8,10,9,10,9.08
spazioso,grande,8,10,10,10,8,10,9,10,9,8,10,9,10,9.31
gentile,crudele,0,0,0,0,0,0,0,0,0,0,0,0,0,0.00
impaziente,ansioso,9,10,10,9,6,8,10,9,9,6,10,3,9,8.31
grande,estesp,7,10,10,0,9,10,10,9,8,7,7,8,10,8.08
forte,orgoglioso,6,0,7,6,4,8,0,1,2,2,0,0,1,2.85
superfluo,necessario,0,0,0,0,0,0,0,0,0,0,0,0,0,0.00
inquieto,giovane,2,0,0,4,0,0,7,0,0,2,0,0,0,1.15
scemo,intelligente,0,0,0,0,0,0,0,0,0,0,0,0,0,0.00
cattivo,ottimo,0,0,0,0,0,0,1,0,2,0,0,1,0,0.31
difficile,semplice,3,0,0,0,3,0,0,0,1,0,0,1,0,0.62
necessario,importante,10,8,8,10,10,5,8,9,7,9,9,8,10,8.54
cattivo,spaventoso,6,3,1,0,6,5,3,5,7,2,9,10,9,5.08
entusiasta,contento,0,0,0,0,0,0,1,1,3,0,5,7,0,1.31
onesto,colpevole,2,0,0,0,2,0,2,0,2,0,5,1,0,1.08
facile,duro,3,0,0,0,3,0,2,0,3,0,0,0,0,0.85
facile,flessibile,9,0,1,0,9,0,1,2,2,0,3,6,0,2.54
certo,sicuro,8,8,8,10,8,10,7,9,7,10,8,6,10,8.38
essenziale,necessario,10,7,3,0,10,7,8,9,6,10,10,7,9,7.38
diverso,normale,6,0,0,0,6,0,0,0,2,0,0,1,0,1.15
furbo,capace,10,7,6,10,10,6,9,7,2,10,0,1,10,6.77
cruciale,importante,10,7,4,10,10,5,6,9,4,8,10,9,8,7.69
ruvido,crudele,8,4,4,10,8,1,5,2,2,0,7,8,2,4.69
infantile,sciocco,3,1,4,0,3,9,3,7,3,0,6,7,10,4.31
scarso,raro,10,9,9,10,10,10,10,10,8,10,10,9,10,9.62
amichevole,generoso,9,6,2,10,9,1,6,7,3,0,5,7,1,5.08
fragile,frigido,7,1,0,0,7,0,1,2,1,0,0,6,0,1.92
lungo,stretto,10,5,0,0,10,0,3,6,4,0,3,6,2,3.77
grande,pesante,8,6,1,10,8,0,7,2,2,0,0,9,0,4.08
rude,frigido,2,7,0,0,2,0,3,4,1,0,0,2,0,1.62
bizzarro,strano,8,8,5,10,8,0,4,8,3,8,9,7,10,6.77
illegale,immorale,7,7,1,0,7,0,6,6,2,0,8,7,0,3.92
cattivo,colpevole,6,2,0,0,6,0,6,3,3,0,2,6,0,2.62
moderno,antico,4,0,0,0,4,0,0,0,2,0,0,1,0,0.85
nuovo,antico,5,0,0,0,5,0,2,0,1,0,0,0,0,1.00
noioso,divertente,0,0,0,0,0,0,1,0,3,0,0,5,0,0.69
felice,giovane,9,2,0,0,9,0,2,4,2,0,0,2,0,2.31
facile,grande,1,0,0,0,1,0,0,0,4,0,0,1,0,0.54
grande,imponente,0,0,0,0,0,0,0,0,2,0,0,1,0,0.23
minuscolo,gigante,5,0,0,0,5,0,0,0,2,0,0,1,0,1.00
educato,corretto,4,8,0,0,4,5,4,7,4,1,9,7,9,4.77
modesto,vergognoso,7,2,0,0,7,0,1,1,2,0,2,2,0,1.85
esotico,raro,7,8,5,0,7,3,5,9,4,10,9,8,9,6.46
scemo,capace,2,0,0,0,2,0,0,0,2,0,0,0,0,0.46
delizioso,meraviglioso,8,7,6,10,8,5,7,8,2,9,10,9,10,7.62
notevole,ovvio,10,6,4,10,10,10,6,9,4,4,10,9,10,7.85
spaventato,ansioso,8,7,1,0,8,5,8,6,5,5,5,8,10,5.85
formale,corretto,2,5,0,0,2,0,3,3,4,0,8,9,1,2.85
squallido,spento,8,5,4,10,8,0,9,8,8,7,0,8,8,6.38
delizioso,allegro,8,8,1,0,8,0,6,5,2,1,4,7,0,3.85
infelice,arrabbiato,1,1,0,0,1,0,6,1,2,0,3,1,0,1.23
triste,terribile,8,1,0,10,8,0,5,6,2,0,9,6,7,4.77
malato,matto,6,3,0,10,6,4,2,6,1,0,8,6,6,4.46
violento,arrabbiato,9,2,1,7,9,0,7,6,4,2,8,6,9,5.38
carico,pesante,9,1,1,0,9,2,4,4,3,0,0,8,10,3.92
sporco,economico,3,1,0,10,3,0,3,1,2,0,5,5,1,2.62
elastico,flessibile,10,7,7,10,10,10,10,10,6,3,9,10,10,8.62
duro,denso,3,2,0,0,3,0,3,2,1,0,0,2,9,1.92
recente,nuovo,5,0,0,10,5,2,1,3,1,0,4,8,0,3.00
fiero,orgoglioso,10,10,10,9,7,8,9,8,10,10,8,8,9,8.92
furbo,strano,2,0,0,2,2,2,1,0,1,5,2,0,2,1.46
strano,furbo,4,0,0,5,1,2,1,0,1,5,2,0,4,1.92
scemo,raro,1,0,0,0,1,2,0,0,2,2,1,0,1,0.77
furbo,duro,6,0,0,0,1,1,1,0,1,3,2,0,1,1.23
spaventoso,pazzesco,8,7,1,5,4,1,4,1,5,7,3,4,6,4.31
modesto,flessibile,3,0,0,0,2,0,3,0,3,6,4,0,5,2.00
fresco,ampio,3,0,0,1,2,0,0,0,0,2,0,0,1,0.69
gigante,scemo,1,0,0,0,1,0,1,0,1,1,1,1,1,0.62
spazioso,flessibile,7,0,6,1,2,1,2,0,4,1,2,1,2,2.23
sporco,stretto,1,0,0,0,1,0,1,0,0,1,1,0,0,0.38
moglie,marito,4,5,8,0,2,2,6,7,5,10,7,2,7,5.00
libro,testo,9,10,9,10,7,9,8,8,8,10,2,7,8,8.08
sposo,sposa,8,5,9,0,2,2,7,8,5,10,6,4,8,5.69
notte,giorno,3,5,0,0,1,0,0,0,0,1,5,0,7,1.69
sud,nord,7,5,5,0,2,1,0,0,0,2,3,0,7,2.46
aereo,aeroporto,8,7,5,1,4,8,7,9,5,9,7,4,6,6.15
zio,zia,9,5,9,0,2,8,7,8,6,9,8,1,8,6.15
cavallo,cavalla,7,5,9,0,1,9,8,7,5,7,7,2,8,5.77
sotto,sopra,2,5,0,0,3,0,0,0,0,1,8,0,7,2.00
amico,commilitone,7,8,0,6,8,9,7,8,6,9,1,4,8,6.23
studente,alunno,9,5,10,10,8,9,9,9,10,10,10,10,10,9.15
mondo,globo,9,9,10,10,8,9,9,9,9,10,8,9,9,9.08
gamba,braccio,4,7,5,6,3,2,6,7,0,6,2,0,6,4.15
aereo,jet,8,10,10,8,6,7,9,8,7,9,9,8,9,8.31
donna,uomo,1,5,5,0,0,0,4,8,5,0,6,1,8,3.31
cavallo,puledro,7,8,6,10,6,8,8,8,7,10,7,6,8,7.62
attrice,attore,9,5,9,10,4,7,8,9,5,9,7,1,8,7.00
insegnante,istruttore,9,10,9,8,7,9,10,9,9,10,9,8,9,8.92
film,pellicola,9,9,9,2,7,8,9,7,8,10,5,8,9,7.69
uccello,falco,8,6,8,3,7,8,9,7,5,8,6,8,8,7.00
parola,dizionario,7,7,6,0,2,1,8,6,5,3,3,3,5,4.31
soldi,stipendio,8,6,10,5,7,7,8,8,6,6,9,2,8,6.92
cane,gatto,2,5,6,0,1,3,3,7,0,0,5,0,8,3.08
area,regione,9,10,9,10,10,7,9,8,7,8,5,8,9,8.38
marina,esercito,5,7,8,8,1,2,6,7,5,6,3,6,8,5.54
libro,letteratura,8,7,8,6,4,6,7,8,6,7,7,6,6,6.62
vestiti,armadio,8,6,5,2,4,7,7,8,5,3,8,1,3,5.15
tramonto,alba,3,5,5,0,0,1,5,0,0,1,2,0,7,2.23
bambino,adulto,2,5,5,0,1,0,2,0,0,0,3,1,0,1.46
mucca,bestiame,9,7,6,8,2,8,7,7,5,7,5,7,7,6.54
libro,storia,8,7,2,3,3,5,5,7,5,5,2,2,7,4.69
inverno,estate,2,5,8,0,2,1,6,1,0,0,4,0,6,2.69
taxi,tassì,1,10,9,9,10,10,10,10,10,1,7,10,10,8.23
albero,acero,9,8,8,8,6,7,8,7,6,7,7,7,9,7.46
letto,camera,7,6,5,4,3,7,6,6,5,8,4,1,1,4.85
tetto,soffitto,9,10,10,10,4,9,7,8,10,9,10,7,7,8.46
malattia,infezione,9,8,8,7,5,8,10,7,8,9,7,6,7,7.62
braccio,spalla,8,7,1,6,3,6,7,6,4,6,2,1,6,4.85
pecora,agnello,5,8,9,4,3,7,7,6,5,9,2,3,8,5.85
signora,signore,9,7,1,9,8,1,1,5,4,1,8,7,1,4.77
barca,ancora,1,6,0,0,5,1,2,4,3,0,2,10,0,2.62
prete,monaco,7,8,7,9,10,3,7,5,6,8,6,8,7,7.00
alluce,dito,7,7,9,8,9,1,1,8,6,1,9,5,4,5.77
fiume,ruscello,10,9,8,8,8,3,9,6,6,8,7,7,7,7.38
rabbia,furia,10,10,9,8,10,9,10,9,6,9,9,8,9,8.92
data,calendario,6,9,5,8,8,2,4,5,6,3,1,10,3,5.38
mare,oceano,9,4,9,9,6,5,8,8,4,9,8,10,7,7.38
secondo,minuto,2,8,0,6,8,2,1,4,0,0,2,10,2,3.46
mano,pollice,6,3,4,1,8,2,1,5,4,0,1,10,2,3.62
legno,ceppo,7,7,7,9,10,3,9,6,8,8,6,10,7,7.46
fango,sporco,3,8,8,5,8,3,2,5,7,0,1,10,2,4.77
ingresso,corridoio,3,8,7,9,10,3,2,4,8,4,2,0,4,4.92
modo,maniera,10,5,9,9,10,9,10,10,10,10,10,10,9,9.31
topo,gatto,2,0,0,1,6,0,0,0,0,0,1,0,0,0.77
poliziotto,sceriffo,9,9,10,9,10,7,7,8,8,3,7,8,4,7.62
morte,sepoltura,8,8,6,7,8,2,2,5,6,0,3,8,4,5.15
musica,melodia,10,9,8,8,6,8,9,9,6,9,9,10,7,8.31
birra,alcol,7,10,8,6,8,2,7,6,6,7,6,10,1,6.46
bocca,labbro,8,8,7,8,10,3,1,5,9,0,7,10,5,6.23
tempesta,uragano,10,8,9,7,10,7,9,5,6,10,8,7,7,7.92
tassa,reddito,3,4,1,0,8,2,1,4,5,0,2,4,3,2.85
fiore,viola,1,7,5,5,8,1,6,7,4,4,7,5,4,4.92
carta,cartone,8,7,7,8,7,3,8,5,8,9,7,10,5,7.08
pavimento,soffitto,0,0,0,1,0,2,0,0,0,0,1,2,0,0.46
spiaggia,lido,9,6,8,8,8,8,9,7,8,10,9,10,10,8.46
bastone,tenda,0,4,2,0,0,1,0,4,0,0,0,0,0,0.85
segugio,volpe,3,4,1,0,7,1,0,5,5,0,0,0,9,2.69
strada,vicolo,10,4,8,8,8,4,9,9,7,8,7,3,4,6.85
barca,ponte,0,6,0,0,0,2,0,4,0,0,1,4,0,1.31
auto,clacson,2,3,2,0,8,1,1,4,0,0,1,6,1,2.23
amico,ospite,4,6,5,0,7,2,1,5,5,0,2,10,0,3.62
principale,impiegato,2,4,1,3,0,1,0,5,1,0,1,0,2,1.54
mano,polso,3,4,8,0,8,2,5,4,4,0,1,3,2,3.38
palla,cannone,2,5,4,0,6,1,1,5,0,0,0,5,0,2.23
alcol,brandy,8,9,9,6,6,2,1,4,8,8,7,10,3,6.23
vittoria,trionfo,10,10,10,10,10,10,10,10,10,10,10,10,10,10.00
telefono,cabina,4,10,0,7,5,1,2,5,0,0,1,10,0,3.46
porta,entrata,9,10,9,8,7,2,9,6,7,1,8,5,3,6.46
motel,locanda,9,10,7,5,10,4,7,5,7,7,6,6,8,7.00
vesititi,stoffa,2,4,5,8,6,4,2,4,0,0,1,10,2,3.69
bistecca,carne,8,6,9,7,10,1,8,8,9,2,8,10,6,7.08
unghia,pollice,4,9,1,0,7,0,0,5,3,0,0,3,2,2.62
banda,orchestra,10,9,9,8,6,7,10,6,7,7,9,10,8,8.15
libro,bibbia,7,7,9,7,7,2,6,5,3,0,7,4,4,5.23
impresa,industria,10,10,9,9,10,4,9,10,7,8,8,10,9,8.69
inverno,stagione,7,8,10,8,9,3,3,8,6,0,7,10,2,6.23
decennio,secolo,3,6,1,1,6,1,0,4,2,0,2,6,0,2.46
alcol,gin,8,5,8,5,8,2,5,5,7,2,8,9,2,5.69
cappello,cappotto,1,6,2,0,6,2,0,4,2,0,1,0,0,1.85
finestra,porta,5,0,8,5,4,1,0,0,6,0,5,5,4,3.31
braccio,polso,5,8,7,6,5,1,1,5,5,3,5,4,4,4.54
casa,appartamento,7,10,8,6,8,9,9,10,6,7,10,8,7,8.08
vetro,cristallo,8,9,8,8,9,10,9,3,8,6,9,9,7,7.92
vino,brandy,6,5,7,6,7,4,1,4,7,5,5,3,6,5.08
creatore,artefice,9,8,10,9,10,9,10,10,9,9,10,9,10,9.38
cena,colazione,0,1,7,6,2,0,1,0,0,0,5,5,4,2.38
braccio,muscolo,5,6,7,7,6,3,3,4,4,2,6,4,4,4.69
bolla,schiuma,6,8,9,7,3,5,7,4,6,7,5,6,5,6.00
pane,farina,6,7,8,8,7,1,2,4,7,4,6,5,3,5.23
morte,tragedia,7,8,9,6,6,4,5,5,5,6,8,8,6,6.38
assenza,presenza,0,0,0,1,0,0,0,0,0,0,0,0,0,0.08
pistola,cannone,5,6,6,4,6,0,1,4,8,4,5,6,4,4.54
erba,filo,5,3,7,6,3,1,1,4,7,4,5,2,5,4.08
palla,canestro,6,0,9,7,4,0,1,4,5,3,0,1,0,3.08
canna,giardino,4,0,0,8,2,2,1,0,6,0,0,1,0,1.85
ragazzo,ragazzino,9,9,10,6,10,8,9,8,9,8,10,9,8,8.69
chiesa,coro,4,5,7,8,5,0,1,4,4,3,5,2,0,3.69
vestiti,cassetto,4,5,7,6,4,0,1,4,0,0,4,0,2,2.85
torre,campana,5,9,8,7,5,2,2,0,2,3,5,3,0,3.92
padre,genitore,8,10,10,9,10,10,8,9,9,7,10,9,8,9.00
scuola,classe,7,8,7,6,6,4,1,5,5,2,6,6,4,5.15
genitore,adulto,4,9,7,8,8,7,6,4,8,7,5,6,6,6.54
sbarra,prigione,7,8,7,8,6,9,2,5,6,4,5,8,4,6.08
auto,autostrada,5,5,8,7,6,0,1,5,4,0,5,3,0,3.77
dizionario,definizione,5,7,7,6,8,3,1,5,5,4,6,6,3,5.08
porta,cantina,3,5,7,9,3,0,0,4,6,0,0,2,0,3.00
esercito,legione,7,8,10,7,8,9,8,7,6,7,6,7,4,7.23
metallo,alluminio,6,9,10,7,9,6,2,3,5,6,6,7,6,6.31
sedia,panchina,5,9,6,6,8,5,7,5,4,8,7,5,7,6.31
nuvola,nebbia,6,6,6,5,4,1,7,4,5,5,5,8,5,5.15
ragazzo,figlio,7,7,8,6,8,6,7,5,5,5,5,7,4,6.15
acqua,ghiaccio,6,6,5,6,7,1,3,4,5,5,4,7,3,4.77
letto,coperta,2,5,9,7,6,0,1,5,6,5,6,1,2,4.23
avvocato,legale,8,10,10,8,10,10,8,10,9,10,10,9,10,9.38
area,zona,8,8,9,7,9,10,9,7,9,8,10,10,10,8.77
azienda,società,9,8,10,8,10,10,9,9,9,8,10,10,10,9.23
vestiti,tessuto,6,7,8,8,6,5,2,5,6,5,5,5,4,5.54
maglione,giacca,5,1,6,5,2,0,0,4,2,0,5,6,6,3.23
soldi,capitale,8,8,8,7,9,9,9,5,3,4,10,7,8,7.31
mano,piede,0,0,8,3,1,0,0,0,0,0,0,2,3,1.31
alcol,cocktail,7,8,7,7,7,1,4,5,4,7,9,4,5,5.77
iarda,pollice,3,4,10,6,2,8,1,0,7,4,5,8,3,4.69
molecola,atomo,8,5,8,3,4,8,1,5,5,5,5,7,5,5.31
lente,fotomacchina,5,5,6,5,6,0,2,5,5,6,5,3,5,4.46
pasto,cena,7,9,10,8,8,9,7,5,8,8,5,8,5,7.46
occhio,lacrima,6,7,7,8,7,1,2,5,7,4,5,1,2,4.77
dio,diavolo,0,0,0,4,0,0,2,0,0,0,0,1,0,0.54
cappio,cintura,5,2,7,5,1,0,0,4,5,0,6,4,8,3.62
ratto,topo,8,10,10,8,9,10,10,10,10,8,10,10,9,9.38
motore,macchina,4,8,6,7,6,8,7,5,3,2,7,1,9,5.62
auto,taxi,9,7,8,6,5,5,7,6,4,6,8,3,6,6.15
gatto,leone,0,7,5,6,4,4,5,0,5,1,3,0,10,3.85
dimensione,grandezza,10,7,7,7,10,8,7,3,10,8,9,2,7,7.31
realtà,fantasia,0,2,0,0,1,2,0,0,5,0,0,0,9,1.46
porta,cancello,8,9,9,7,8,6,5,7,3,6,9,2,8,6.69
gatto,animale,8,7,10,7,5,8,7,5,3,7,8,3,10,6.77
latta,alluminio,9,6,7,8,4,9,6,6,8,6,4,3,6,6.31
osso,mascella,6,9,5,8,4,7,6,5,3,8,8,3,6,6.00
cereale,grano,9,8,9,7,8,7,7,5,5,7,10,4,9,7.31
casa,chiave,0,6,5,2,1,3,7,0,5,1,6,1,10,3.62
sangue,carne,2,7,6,2,5,8,5,3,2,1,8,1,8,4.46
porta,corridoio,8,7,3,1,2,0,5,0,4,1,0,0,7,2.92
dio,spirito,8,10,7,8,8,6,6,5,2,3,5,5,10,6.38
capacità,competenza,9,10,9,10,10,8,9,7,6,9,10,9,9,8.85
abbondanza,copiosità,10,9,9,10,10,9,10,8,6,8,7,8,9,8.69
divano,sedia,3,6,7,7,7,4,5,2,5,2,4,3,8,4.85
muro,mattone,1,8,6,6,6,9,7,5,4,6,6,4,7,5.77
tromba,tamburo,0,3,0,8,4,3,6,0,3,4,0,2,2,2.69
organo,fegato,7,8,8,7,6,9,6,6,5,6,9,5,8,6.92
forza,potenza,9,9,10,10,10,10,7,8,10,10,6,8,6,8.69
frase,parola,3,8,6,6,7,8,7,3,5,6,6,1,6,5.54
banda,parata,7,8,0,10,9,9,7,5,2,4,3,5,4,5.62
stomaco,vita,1,6,1,3,1,7,6,0,0,1,6,3,6,3.15
nuvola,tempesta,6,8,8,6,7,7,7,4,3,2,0,5,6,5.31
gioia,orgoglio,7,3,4,5,2,5,0,4,4,5,9,4,7,4.54
rumore,rantolo,9,5,7,9,5,8,5,6,7,7,5,7,6,6.62
pioggia,foschia,8,6,5,2,6,7,4,1,3,1,0,1,6,3.85
birra,bevanda,8,8,8,7,6,9,7,7,4,6,6,1,10,6.69
uomo,zio,7,4,5,8,5,7,6,1,2,5,3,1,10,4.92
mela,succo,2,8,5,4,4,3,5,0,4,3,4,1,10,4.08
intelligenza,logica,2,8,8,7,9,7,7,5,9,7,10,6,8,7.15
comunicazione,lingua,6,9,8,1,6,8,6,6,5,6,8,5,7,6.23
visone,pelliccia,10,7,9,8,5,9,7,6,5,7,2,1,1,5.92
calca,folla,10,10,8,10,10,9,8,8,6,7,8,8,7,8.38
riva,costa,8,7,9,7,10,8,6,8,7,8,9,7,8,7.85
filo,corda,7,7,7,6,9,9,7,6,6,10,10,5,7,7.38
uccello,tacchino,1,7,8,4,7,7,6,5,4,6,9,5,5,5.69
letto,culla,8,8,6,9,9,9,5,7,7,7,9,2,8,7.23
competenza,abilità,9,8,8,10,10,8,9,8,4,7,8,7,7,7.92
nuvola,foschia,7,6,3,8,6,7,5,5,5,7,7,4,6,5.85
cena,pasto,8,8,9,6,9,10,7,6,6,6,2,7,9,7.15
sbarra,gabbia,4,7,4,3,7,7,6,0,6,7,4,3,7,5.00
acqua,sale,0,3,2,2,3,4,5,0,2,0,1,0,5,2.08
sensazione,intuizione,9,6,8,8,7,9,8,7,7,7,6,5,8,7.31
situazione,condizione,10,7,9,10,8,9,9,10,7,9,10,9,9,8.92
crimine,furto,7,9,8,8,8,9,7,9,6,8,8,7,10,8.00
stile,moda,7,9,8,7,10,9,7,7,6,8,7,6,8,7.62
confine,frontiera,10,7,8,10,10,10,9,7,10,10,10,9,10,9.23
braccio,corpo,2,7,5,6,5,9,7,3,6,1,2,5,6,4.92
barca,auto,1,0,0,0,3,2,0,5,0,0,2,0,0,1.00
tramezzino,pranzo,3,5,7,5,6,6,4,5,2,0,3,0,6,4.00
sposa,principessa,2,4,7,1,6,7,2,1,5,0,4,0,0,3.00
eroina,eroe,8,8,0,8,9,9,8,5,10,9,9,0,8,7.00
auto,calibro,1,1,2,0,5,2,3,3,1,0,1,0,0,1.46
insetto,ape,7,9,8,5,6,7,7,6,2,7,6,8,3,6.23
lettino,culla,5,7,9,7,9,7,8,6,8,7,7,7,6,7.15
animale,persona,0,0,0,0,1,3,1,5,0,0,1,0,0,0.85
marijuana,erba,10,9,9,5,6,10,8,7,9,9,7,7,0,7.38
letto,ospedale,3,6,5,1,6,2,5,5,1,0,1,0,2,2.85
guancia,lingua,1,3,3,3,7,7,1,4,1,0,1,0,0,2.38
disco,computer,4,7,5,3,6,4,3,4,0,0,2,0,5,3.31
curva,angolo,8,6,1,5,2,7,2,1,0,5,1,5,0,3.31
erba,muschio,4,9,6,4,8,6,7,7,7,5,4,3,1,5.46
scuola,legge,0,2,7,0,4,4,6,1,0,0,2,0,0,2.00
piede,testa,0,4,0,2,3,1,1,3,0,0,1,0,0,1.15
madre,custode,2,3,6,1,4,6,2,1,0,0,3,0,5,2.54
ortodentista,dentista,7,10,8,7,8,7,6,5,9,6,7,6,2,6.77
alcol,whiskey,7,9,9,5,7,8,7,7,8,5,6,4,8,6.92
bocca,dente,1,6,5,5,7,6,4,6,1,0,3,2,1,3.62
colazione,pancetta,1,2,3,3,6,2,5,0,1,0,1,0,0,1.85
bagno,camera,2,7,4,1,5,2,1,4,5,0,5,4,0,3.08
piatto,ciotola,8,7,7,7,7,6,7,4,9,5,4,2,6,6.08
carne,pancetta,5,9,6,5,8,7,4,5,1,0,6,5,8,5.31
aria,elio,6,5,8,3,4,6,4,3,2,0,4,1,4,3.85
lavoratore,principale,1,6,1,3,0,3,3,5,0,9,1,1,0,2.54
corpo,torace,7,8,6,2,6,7,2,5,1,0,5,5,6,4.62
figlio,padre,2,0,5,3,3,3,2,4,0,0,1,0,0,1.77
cuore,chirurgia,2,2,4,0,7,7,3,5,1,0,4,0,3,2.92
donna,segretaria,1,7,8,3,7,7,4,3,1,0,3,0,3,3.62
uomo,padre,4,8,8,4,5,8,10,5,1,0,6,1,1,4.69
spiaggia,isola,6,7,5,5,6,4,6,5,1,0,5,0,4,4.15
storia,argomento,2,7,7,5,6,7,6,1,6,0,5,1,4,4.38
gioco,divertimento,4,9,7,7,7,8,9,6,8,5,8,3,6,6.69
finesettimana,settimana,4,7,7,6,6,7,3,6,3,0,6,4,0,4.54
coppia,paio,4,10,9,6,9,9,9,10,9,10,8,8,8,8.38
donna,moglie,4,7,7,3,7,8,9,6,6,0,4,1,2,4.92
pecora,bestiame,5,7,8,4,8,7,7,5,2,0,6,6,7,5.54
borsellino,borsa,9,6,7,8,6,8,8,9,5,0,6,9,8,6.85
soffitto,cattedrale,0,1,2,1,4,4,1,3,0,0,0,0,0,1.23
chicco,caffè,5,9,6,7,6,7,4,4,1,0,4,4,0,4.38
foresta,carta,1,4,3,0,6,4,0,0,0,0,0,0,5,1.77
sopra,lato,0,2,3,1,3,6,4,2,0,0,0,3,4,2.15
crimine,frode,7,8,8,6,7,7,7,7,7,9,7,9,7,7.38
dolore,male,6,9,9,8,10,8,8,6,0,10,8,6,9,7.46
amante,compagno,8,8,7,5,1,8,5,7,6,7,6,6,5,6.08
sera,crepuscolo,8,8,8,8,8,8,7,10,0,3,8,8,9,7.15
padre,figlia,0,0,2,5,3,5,1,4,0,0,0,0,0,1.54
vino,liquore,5,7,6,3,7,6,7,3,1,8,6,1,4,4.92
mucca,capra,2,0,4,2,8,2,3,3,2,0,0,0,0,2.00
credo,opinione,7,7,10,2,3,4,7,4,5,6,10,3,2,5.38
realtà,illusione,0,0,0,0,1,0,0,0,0,0,0,1,0,0.15
patto,accordo,9,9,10,10,9,9,10,10,10,8,10,9,10,9.46
ricchezza,povertà,0,2,0,0,0,0,0,0,0,0,0,1,0,0.23
incidente,emergenza,6,3,7,6,2,5,6,1,10,5,4,5,4,4.92
battaglia,conquista,7,2,6,4,4,5,4,0,10,5,3,0,7,4.38
amico,insegnante,2,3,0,0,3,2,3,0,1,1,0,1,0,1.23
malattia,infezione,8,7,8,7,5,3,8,5,10,6,8,8,5,6.77
gioco,scherzo,7,7,10,7,4,5,6,6,10,6,7,7,3,6.54
fratello,figlio,4,1,0,1,2,5,4,0,0,0,0,1,0,1.38
zia,nipote,0,2,0,0,3,3,0,0,0,1,3,1,5,1.38
operaio,meccanico,6,6,10,9,2,10,5,4,10,7,8,3,5,6.54
dottore,ortodentista,6,4,0,3,1,4,6,5,7,6,5,6,6,4.54
quercia,acero,4,3,10,2,2,8,5,2,4,0,4,6,4,4.15
ape,regina,6,1,1,6,2,10,4,0,10,2,2,2,5,3.92
auto,bicicletta,1,2,0,0,1,0,1,0,2,2,1,1,0,0.85
obiettivo,ricerca,7,2,2,4,3,8,5,0,10,4,6,4,5,4.62
agosto,mese,4,6,10,2,3,9,5,4,8,4,2,7,8,5.54
esercito,nucleo,3,0,7,1,3,7,5,3,6,4,0,0,0,3.00
nuvola,tempo,2,6,0,7,2,6,4,3,3,2,4,5,4,3.69
medico,dottore,9,10,10,10,7,10,9,9,10,8,10,9,10,9.31
burrone,valle,4,6,0,2,3,9,5,0,8,4,3,2,1,3.62
fiume,valle,3,1,0,2,2,4,0,0,7,2,5,3,0,2.23
sole,cielo,2,5,0,2,0,2,4,3,3,0,3,0,6,2.31
bersaglio,freccia,4,2,0,1,3,3,5,0,1,3,5,1,2,2.31
cioccolato,torta,4,7,2,3,1,4,5,0,7,2,2,4,5,3.54
circostanza,situazione,2,10,10,8,4,9,10,8,10,8,10,8,7,8.00
opinione,scelta,5,7,0,3,3,8,4,5,7,2,6,6,4,4.62
ritmo,melodia,7,6,0,3,5,9,8,4,10,8,3,4,3,5.38
fegato,coraggio,8,9,0,9,5,8,6,0,10,7,10,8,7,6.69
giorno,alba,3,6,6,2,2,8,5,4,5,8,5,2,5,4.69
bestiame,manzo,6,7,10,3,2,8,4,2,9,5,2,7,5,5.38
dottore,professore,7,8,7,7,6,9,6,0,9,6,8,6,4,6.38
braccio,vena,3,0,0,1,0,0,4,0,7,2,4,0,2,1.77
stanza,bagno,2,2,8,3,1,9,5,4,9,4,5,7,5,4.92
corporazione,impresa,7,6,10,9,5,0,9,9,9,9,8,9,5,7.31
divertimento,calcio,7,0,0,3,1,5,4,0,7,3,0,1,4,2.69
collina,scogliera,3,3,0,4,4,5,5,0,7,3,0,0,2,2.77
osso,caviglia,4,1,6,3,0,1,4,3,7,2,4,0,5,3.08
mela,caramella,3,1,0,0,3,1,0,0,5,1,0,0,0,1.08
aiutante,governante,7,4,0,8,4,9,4,0,10,5,8,5,4,5.23
leader,manager,8,8,9,7,2,10,5,5,10,6,8,7,7,7.08
limone,tè,4,1,0,2,1,4,5,0,2,0,5,0,6,2.31
ape,formica,1,6,0,1,0,0,1,0,0,1,0,3,0,1.00
basketball,baseball,0,5,0,1,1,8,1,0,0,3,0,0,0,1.46
riso,chicco,8,1,10,3,6,10,5,4,10,6,4,6,6,6.08
letto,mobilia,6,3,6,7,2,0,5,2,7,6,4,6,7,4.69
emozione,passione,7,7,10,4,4,6,6,7,9,6,8,6,7,6.69
anarchia,caos,9,9,10,9,3,5,10,5,10,6,8,6,2,7.08
crimine,violazione,7,9,10,5,4,8,9,6,10,6,8,7,5,7.23
macchina,motore,5,5,6,6,0,0,3,3,3,2,3,7,9,4.00
spiaggia,mare,6,0,6,5,0,0,1,2,3,5,7,6,9,3.85
vicolo,ciotola,0,0,0,2,0,0,2,0,2,0,0,0,0,0.46
barattolo,bottiglia,3,0,9,5,2,4,2,1,4,2,1,6,8,3.62
forza,capacità,6,1,2,7,7,3,5,2,6,5,4,6,7,4.69
seme,senape,4,1,2,5,0,0,3,1,0,1,0,7,0,1.85
chitarra,tamburo,0,0,6,1,0,0,0,1,4,1,1,6,0,1.54
opinione,idea,6,8,9,6,10,9,6,7,9,7,4,7,7,7.31
nord,ovest,0,0,5,1,2,0,1,1,5,4,0,0,6,1.92
dieta,insalata,3,0,6,5,0,0,3,2,1,2,3,6,5,2.77
madre,moglie,2,1,6,8,7,0,3,3,6,6,1,8,7,4.46
papà,madre,0,0,2,0,7,0,1,1,4,2,0,0,5,1.69
capitano,marinaio,5,0,7,5,6,0,2,2,5,6,3,6,6,4.08
metro,iarda,3,5,8,5,5,0,6,1,1,5,5,6,0,3.85
birra,champagne,3,0,6,4,1,0,1,1,4,1,0,7,7,2.69
motore,barca,5,0,3,4,0,0,0,2,6,2,1,0,5,2.15
carta,bridge,2,1,6,3,0,0,2,2,2,3,0,6,5,2.46
scienza,psicologia,3,1,1,5,7,1,1,3,5,6,3,6,6,3.69
peccatore,santo,0,0,1,0,0,0,2,0,5,0,1,0,0,0.69
distruzione,costruzione,0,0,1,0,0,0,0,0,3,0,0,0,0,0.31
folla,gruppo,7,8,9,8,9,6,6,8,8,7,8,10,7,7.77
spiaggia,scogliera,2,0,3,3,6,0,4,2,5,5,7,4,7,3.69
uomo,bambino,0,0,2,5,0,0,1,2,5,4,1,0,3,1.77
pane,formaggio,0,0,4,3,0,0,0,1,4,1,1,0,1,1.15
campione,vincitore,8,8,10,9,8,10,10,10,9,8,10,8,10,9.08
festeggiamento,cerimonia,7,7,5,7,8,6,5,5,7,7,6,8,8,6.62
menu,ordinazione,6,1,7,4,6,5,3,2,8,5,7,8,0,4.77
re,principessa,0,0,3,3,3,0,0,2,3,2,4,4,8,2.46
ricchezza,prestigio,6,0,7,6,6,2,6,3,6,5,6,7,9,5.31
resistenza,forza,5,0,8,8,7,8,6,4,7,4,4,6,2,5.31
pericolo,minaccia,8,8,8,5,10,9,7,10,7,6,7,8,9,7.85
dio,prete,4,0,6,5,0,0,0,1,4,1,3,6,4,2.62
uomini,confraternita,1,2,3,5,8,1,1,1,4,0,1,6,2,2.69
commilitone,compagno,7,6,7,10,0,9,6,5,5,7,6,10,2,6.15
insegnante,aiutante,5,0,1,1,8,0,2,2,0,5,2,3,4,2.54
corpo,stomaco,2,1,3,6,0,0,1,0,4,2,3,2,4,2.15
lingua,gola,5,0,4,4,0,0,2,2,5,2,4,6,8,3.23
casa,tappeto,3,0,3,2,0,0,2,1,3,2,1,0,2,1.46
intelligenza,talento,4,1,6,8,7,6,5,3,7,6,7,8,9,5.92
viaggio,conquista,5,0,7,0,0,0,2,2,0,5,3,1,0,1.92
dio,preda,0,0,0,0,0,0,0,0,0,0,0,0,0,0.00
fratello,anima,3,0,1,2,0,0,1,0,4,4,2,3,0,1.54
avversario,sfidante,8,9,9,9,10,10,8,10,10,8,10,9,10,9.23
morte,catastrofe,4,0,3,6,0,4,2,6,1,7,3,7,6,3.77
mostro,demone,8,5,7,6,9,6,4,5,7,8,9,10,9,7.15
giorno,mattino,4,7,7,7,2,0,1,2,5,6,9,6,6,4.77
uomo,vincitore,4,0,1,3,0,0,2,1,2,3,1,5,4,2.00
amico,tipo,6,0,3,1,0,0,5,0,0,0,0,0,2,1.31
canzone,storia,4,0,6,2,0,0,3,2,4,2,4,0,0,2.08
raggio,sole,6,2,1,5,6,3,1,3,6,3,3,6,5,3.85
tipo,fusto,0,6,0,2,0,0,0,0,6,0,5,0,0,1.46
pollo,riso,0,2,3,0,2,0,1,0,0,0,0,0,0,0.62
scatola,ascensore,0,1,1,1,1,0,0,0,4,0,0,0,0,0.62
burro,patata,0,0,0,0,0,0,0,0,0,0,0,0,0,0.00
appartamento,mobilia,0,2,2,1,3,2,0,4,0,0,0,0,0,1.08
lago,palude,0,5,4,6,3,1,0,6,6,0,5,0,0,2.77
insalata,aceto,0,4,0,2,3,0,0,0,0,0,0,0,0,0.69
fiore,bulbo,0,7,1,3,3,4,2,6,4,0,5,2,0,2.85
nuvola,foschia,0,5,1,5,3,7,1,1,6,0,0,0,6,2.69
autista,pilota,10,6,6,7,10,7,9,7,8,10,10,8,10,8.31
zucchero,miele,0,7,2,2,3,7,1,2,4,0,5,1,5,3.00
corpo,spalla,0,3,3,2,3,0,1,1,0,0,0,0,0,1.00
idea,immagine,0,4,3,3,1,8,1,6,7,0,5,0,4,3.23
padre,fratello,0,5,5,1,5,0,0,0,0,0,0,0,0,1.23
luna,pianeta,0,8,4,8,2,5,0,6,0,0,5,0,7,3.46
ballo,costume,0,4,1,3,0,2,0,1,0,0,0,0,0,0.85
rotaia,recinto,0,0,2,1,0,1,0,0,0,0,0,0,0,0.31
stanza,letto,0,2,1,6,6,1,1,2,2,0,0,0,0,1.62
fiore,cespuglio,0,2,0,4,3,1,1,1,0,0,0,0,0,0.92
osso,ginocchio,0,5,2,1,4,6,2,1,6,0,5,0,0,2.46
braccio,ginocchio,0,1,1,1,3,0,0,0,0,0,0,0,0,0.46
fondo,lato,1,1,2,1,2,0,0,0,2,0,0,0,0,0.69
vaso,vena,0,5,0,7,0,7,0,3,0,0,0,9,8,3.00
gatto,coniglio,0,0,0,1,0,1,0,0,0,0,0,0,0,0.15
carne,tramezzino,0,1,1,1,1,1,0,1,2,0,0,0,0,0.62
credo,concetto,0,6,4,7,0,5,5,4,7,0,5,0,9,4.00
intelligenza,intuito,5,6,5,3,3,7,4,5,7,10,5,7,7,5.69
attenzione,interesse,10,8,6,7,4,10,5,8,8,10,9,8,8,7.77
attitudine,sicurezza,5,3,2,3,0,1,0,6,6,0,0,0,0,2.00
diritto,giustizia,5,7,5,7,4,8,4,2,8,10,5,2,7,5.69
discussione,accordo,0,5,2,0,2,4,0,7,1,0,5,0,0,2.00
profondità,magnitudine,0,5,0,1,3,0,0,2,7,0,0,0,0,1.38
mezzo,notizie,0,0,0,0,0,1,0,1,0,0,0,0,0,0.15
vincitore,candidato,0,5,1,2,4,0,0,3,1,0,5,0,0,1.62
compleanno,data,0,8,0,6,6,1,6,2,4,3,0,7,0,3.31
retta,pagamento,5,5,3,8,4,7,7,7,9,0,9,7,10,6.23
bibbia,inno,0,3,0,2,0,0,0,0,4,0,0,0,0,0.69
uscita,entrata,0,5,0,2,3,0,0,0,0,0,5,0,0,1.15
uomo,sentinella,0,7,1,2,0,4,2,1,4,0,0,0,4,1.92
navata,ingresso,0,4,5,5,2,2,0,1,4,0,0,0,6,2.23
whiskey,gin,0,5,2,2,2,3,2,0,3,0,0,0,0,1.46
sangue,midollo,0,4,1,3,2,0,0,2,5,0,0,0,0,1.31
olio,visone,0,0,0,0,0,0,0,0,0,0,0,0,0,0.00
pavimento,ponte,0,5,0,1,1,0,0,2,0,0,0,0,0,0.69
tetto,pavimento,2,0,2,2,3,0,0,0,0,0,0,0,0,0.69
porta,pavimento,0,0,0,0,3,0,0,1,0,0,0,0,0,0.31
spalla,testa,0,4,2,1,3,2,1,0,0,0,0,0,0,1.00
vagone,carrozza,10,9,6,9,9,9,9,7,9,10,10,9,10,8.92
auto,vettura,10,10,6,9,10,8,10,9,9,10,10,10,10,9.31
gomito,caviglia,0,4,1,0,3,0,1,0,0,0,0,0,0,0.69
ricchezza,fama,8,7,5,5,1,1,7,7,2,8,6,3,5,5.00
dolore,vergogna,5,6,5,0,1,4,3,3,1,4,1,4,2,3.00
amministrazione,gestione,9,7,10,5,7,7,8,8,9,10,9,8,7,8.00
comunicazione,conversazione,9,3,9,8,7,9,7,6,8,8,6,8,5,7.15
inquinamento,atmosfera,7,8,6,5,5,6,7,3,3,5,5,0,3,4.85
anatomia,biologia,6,7,6,6,1,7,6,3,2,2,1,7,3,4.38
università,professione,7,7,1,5,3,3,5,3,2,0,0,0,2,2.92
libro,argomento,6,5,6,7,2,6,7,4,4,3,0,2,3,4.23
formula,equazione,10,3,8,7,5,7,8,3,8,7,8,8,10,7.08
libro,informazione,7,7,4,6,6,3,6,4,2,2,4,6,5,4.77
ragazzo,partner,10,7,7,5,1,6,3,8,10,9,7,7,9,6.85
cielo,universo,5,5,8,3,4,5,3,3,7,5,4,8,8,5.23
popolatione,persone,9,1,8,7,7,8,7,7,7,5,9,6,7,6.77
università,classe,9,6,4,7,2,5,7,3,2,8,1,2,3,4.54
capo,sindaco,8,6,8,7,5,6,7,3,8,5,6,6,7,6.31
rabbino,ministro,8,2,8,6,6,3,8,2,7,6,4,8,7,5.77
metro,pollice,8,5,4,5,5,6,5,1,2,1,5,5,7,4.54
poliestere,cotone,4,2,4,2,1,0,5,3,1,1,0,0,3,2.00
avvocato,banchiere,6,2,0,5,2,3,7,0,1,6,0,2,1,2.69
violino,strumento,9,10,8,8,3,6,7,3,6,6,5,4,8,6.38
campo,cabina,0,5,3,0,0,3,1,0,0,3,1,0,1,1.31
pentola,apparecchio,1,4,7,2,0,4,1,1,0,3,0,0,1,1.85
lino,tessuto,9,9,7,8,3,6,8,4,6,8,5,6,8,6.69
whiskey,champagne,7,5,1,5,3,3,8,3,2,3,0,0,7,3.62
ragazza,bambina,7,3,5,5,3,6,0,4,3,10,7,6,9,5.23
cottage,cabina,7,4,1,2,6,6,6,3,7,4,1,6,3,4.31
uccello,gallina,7,5,4,8,4,6,8,2,3,9,4,6,7,5.62
baccano,rumore,10,9,9,7,9,9,9,9,10,9,10,10,9,9.15
tramonto,sera,7,8,7,7,2,8,3,4,7,8,7,6,5,6.08
pioggerella,pioggia,9,6,9,8,7,10,9,9,9,5,8,7,8,8.00
adulto,bimbo,0,0,0,1,0,4,0,2,0,3,0,0,0,0.77
carbonella,carbone,10,8,8,7,8,10,9,9,9,6,8,5,9,8.15
corpo,spina,1,4,1,1,0,3,1,2,0,1,0,0,1,1.15
testa,unghia,1,2,0,0,1,4,2,2,0,4,0,0,0,1.23
ceppo,trave,3,2,0,0,5,8,9,0,1,8,3,7,5,3.92
cucchiaio,tazza,6,4,5,1,1,6,6,3,1,2,0,0,3,2.92
corpo,nervo,5,4,4,3,0,6,2,3,2,6,0,0,2,2.85
uomo,marito,8,8,8,5,2,7,5,3,6,8,5,5,4,5.69
osso,collo,7,5,5,4,1,6,4,3,2,2,1,3,4,3.62
frustrazione,rabbia,9,9,8,4,3,8,7,4,8,6,8,10,7,7.00
fiume,mare,6,7,6,0,2,5,8,3,2,3,1,4,4,3.92
compito,lavoro,8,8,9,6,9,4,7,4,9,7,6,10,6,7.15
club,società,8,9,8,4,5,5,7,8,6,8,10,7,3,6.77
riflesso,immagine,5,6,8,7,7,5,5,2,8,4,2,6,3,5.23
principe,re,9,8,8,6,2,8,7,8,2,2,2,4,8,5.69
neve,tempo,7,6,7,5,3,4,5,3,2,3,3,3,6,4.38
persone,festa,2,6,1,6,4,7,6,3,2,5,7,0,2,3.92
ragazzo,fratello,6,5,7,6,2,6,5,4,2,2,2,3,4,4.15
radice,erba,4,7,6,3,1,3,5,2,3,4,2,4,7,3.92
sopracciglio,occhio,8,7,6,5,1,6,7,3,2,4,1,0,6,4.31
soldi,perla,7,0,1,8,0,7,3,4,4,1,0,0,5,3.08
soldi,diamante,9,0,3,8,1,7,5,4,4,6,2,3,5,4.38
veicolo,autobus,9,6,6,8,5,9,7,6,5,8,4,0,3,5.85
tassì,autobus,6,0,3,1,4,6,6,1,4,0,7,0,2,3.08
casa,stalla,5,0,6,0,7,6,4,4,0,5,3,0,3,3.31
dito,palmo,6,0,2,5,6,5,6,2,4,0,3,0,1,3.08
auto,ponte,2,0,1,1,0,5,4,0,0,0,1,0,0,1.08
sforzo,difficoltà,8,8,8,7,6,7,8,6,5,2,1,6,6,6.00
fatto,intuizione,5,1,3,6,6,1,4,0,1,0,3,0,0,2.31
lavoro,gestione,9,2,4,6,0,8,6,3,4,4,1,2,3,4.00
tumore,malattia,9,6,7,8,6,9,6,6,6,6,7,7,7,6.92
parola,giornale,3,1,4,5,0,7,6,2,3,2,1,1,1,2.77
compositore,scrittore,9,4,6,1,8,9,7,9,6,10,6,8,7,6.92
attore,cantante,6,0,0,6,2,7,5,1,0,2,1,0,8,2.92
riparo,capanna,9,6,6,7,5,8,7,3,4,7,6,5,1,5.69
bagno,cucina,3,1,0,3,0,6,6,0,4,0,1,0,0,1.85
cabina,capanna,6,4,7,0,4,6,6,5,3,4,4,5,0,4.15
porta,cucina,3,0,0,2,0,7,4,1,4,2,1,0,0,1.85
valore,credo,8,6,5,5,1,6,5,0,4,4,1,3,9,4.38
saggezza,intelligenza,8,7,8,9,9,10,8,3,5,0,4,5,9,6.54
ignoranza,intelligenza,0,0,0,0,0,0,0,0,0,0,0,0,0,0.00
felicità,fortuna,7,1,5,6,9,7,5,6,5,1,2,5,8,5.15
idea,schema,8,2,5,5,8,6,3,2,4,0,3,5,3,4.15
umore,emozione,8,5,6,6,6,7,7,7,5,6,6,6,7,6.31
felicità,pace,9,2,5,6,3,7,5,2,4,3,5,7,3,4.69
disperazione,miseria,7,7,6,4,9,7,7,4,4,1,6,8,6,5.85
logica,aritmetica,8,5,6,8,1,7,3,6,4,7,4,3,7,5.31
negazione,confessione,3,0,4,0,0,4,3,0,0,0,0,1,0,1.15
discussione,critica,7,3,6,6,8,7,6,1,6,5,3,6,5,5.31
aggressione,ostilità,8,6,7,7,8,7,6,7,5,9,5,6,9,6.92
isteria,confusione,1,5,3,4,1,5,6,6,4,2,3,2,8,3.85
chimica,teoria,3,1,5,5,0,6,4,4,4,2,2,0,2,2.92
processo,verdetto,6,1,3,5,2,7,6,7,5,6,4,0,2,4.15
comodità,sicurezza,2,5,5,8,8,5,4,1,4,2,1,5,7,4.38
sicurezza,sé,4,6,2,5,0,8,4,0,3,2,1,2,0,2.85
visione,percezione,9,6,9,7,9,8,6,8,6,7,6,7,6,7.23
era,decade,7,5,3,4,10,7,6,6,5,3,7,6,7,5.85
biografia,narrativa,7,0,5,7,6,6,6,5,5,0,3,7,6,4.85
conversazione,discussione,9,8,9,8,7,7,6,7,5,10,7,10,8,7.77
codice,simbolo,6,7,8,8,4,7,7,6,4,4,3,0,10,5.69
pericolo,malattia,4,0,3,8,0,7,5,6,5,0,1,3,5,3.62
incidente,catastrofe,8,7,8,6,9,8,8,8,5,7,7,8,8,7.46
viaggio,gita,10,7,9,8,10,9,7,7,5,8,8,10,10,8.31
attività,movimento,9,7,10,7,8,10,8,7,5,4,6,6,10,7.46
pettegolezzo,notizie,6,4,6,5,0,6,6,5,5,5,5,2,4,4.54
padre,dio,7,4,7,4,5,9,5,6,2,7,6,7,2,5.46
azione,corso,7,0,3,4,0,4,5,1,4,0,1,3,7,3.00
febbre,malattia,9,4,7,7,7,9,6,6,5,9,6,7,4,6.62
aviazione,volo,9,7,8,6,1,9,6,8,5,5,4,6,8,6.31
gioco,azione,7,1,5,6,0,7,4,3,4,3,6,6,9,4.69
molecola,aria,2,7,6,6,2,4,4,6,3,4,1,7,1,4.08
casa,stato,0,4,4,0,0,0,3,4,0,4,1,4,2,2.00
parola,letteratura,2,5,5,6,6,5,5,7,1,6,0,5,1,4.15
adulto,guardiano,0,7,5,0,0,0,4,6,4,2,0,3,5,2.77
giornale,informazione,3,8,7,7,5,8,5,8,4,8,6,9,7,6.54
comunicazione,televisione,2,7,6,6,1,7,5,7,4,3,2,7,5,4.77
cugino,zio,0,6,5,0,0,7,1,6,3,4,1,0,4,2.85
autore,lettore,0,3,0,0,0,4,0,5,1,5,0,3,4,1.92
tipo,partner,1,4,6,0,1,7,4,8,2,5,3,0,6,3.62
area,angolo,0,3,4,0,3,6,5,4,4,4,0,4,0,2.85
ballata,canzone,6,4,8,6,6,7,4,8,6,5,0,0,6,5.08
muro,decorazione,1,5,6,0,1,0,1,5,2,3,1,3,1,2.23
parola,pagina,2,4,5,6,3,4,3,6,0,3,0,2,2,3.08
infermiere,scienziato,0,3,6,0,0,0,0,3,0,4,3,6,5,2.31
politico,presidente,2,6,7,6,6,6,5,7,6,7,7,10,3,6.00
presidente,sindaco,0,6,6,6,1,3,3,6,4,6,2,8,3,4.15
libro,saggio,4,5,6,6,6,4,5,4,3,7,5,0,2,4.38
uomo,guerriero,3,8,4,6,5,5,4,4,6,4,2,6,3,4.62
articolo,rivista,2,3,5,6,3,7,6,7,2,7,8,10,7,5.62
colazione,cena,0,0,4,6,1,5,0,6,1,5,0,1,3,2.46
folla,parata,3,5,7,7,2,5,0,6,3,3,1,8,1,3.92
navata,corridoio,4,3,6,6,2,1,4,7,2,7,3,0,8,4.08
insegnante,rabbino,1,4,6,0,2,0,5,4,4,5,1,0,4,2.77
fianco,labbro,1,2,2,0,0,0,0,1,1,2,0,0,0,0.69
libro,articolo,1,4,4,8,1,4,0,5,3,3,1,5,1,3.08
stanza,cella,4,5,7,6,6,6,2,5,4,6,1,9,7,5.23
scatola,cabina,1,4,4,0,6,0,1,3,2,3,0,6,5,2.69
figlia,ragazzina,3,6,7,6,5,5,4,7,5,5,1,8,6,5.23
arto,gamba,5,9,6,9,7,8,5,8,5,8,8,9,2,6.85
fegato,polmone,0,4,7,5,1,3,2,4,3,7,1,3,1,3.15
classe,corridoio,1,6,2,0,0,3,0,3,2,5,1,3,0,2.00
montagna,cornice,0,3,4,0,1,0,0,2,1,4,6,0,2,1.77
auto,ascensore,0,3,5,0,0,0,0,2,1,1,0,0,0,0.92
letto,divano,2,6,7,6,0,5,1,5,2,6,3,6,3,4.00
vestiti,bottone,0,3,5,6,4,6,0,5,1,4,2,1,2,3.00
vestiti,cappotto,2,6,6,6,3,6,4,6,5,8,2,7,6,5.15
rene,organo,3,6,6,8,7,7,5,7,5,8,8,9,6,6.54
mela,salsa,0,2,3,0,1,0,0,3,0,3,1,0,0,1.00
pollo,bistecca,0,6,4,6,3,1,0,6,1,6,2,0,0,2.69
auto,canna,0,2,4,0,0,0,0,4,3,1,0,0,0,1.08
tabacco,sigaretta,2,6,5,7,2,7,5,8,6,7,8,9,6,6.00
studente,professore,0,4,1,0,0,6,0,5,2,4,0,7,3,2.46
bebè,figlia,5,5,7,6,2,6,3,7,1,6,1,3,7,4.54
pipa,sigaro,2,2,6,6,2,5,3,6,4,7,2,8,5,4.46
latte,succo,0,7,3,6,0,0,1,7,2,4,3,0,3,2.77
scatola,sigaro,1,5,5,6,1,2,3,4,0,6,0,1,0,2.62
appartamento,hotel,2,4,5,6,1,4,4,3,2,6,2,4,2,3.46
coppetta,cono,0,4,6,6,1,5,0,5,2,7,2,8,2,3.69
cavallo,bue,0,2,4,6,0,5,0,5,3,3,0,0,4,2.46
gola,naso,0,5,4,6,1,6,0,3,1,8,0,0,0,2.62
osso,denti,8,8,1,5,5,5,5,5,5,1,0,7,6,4.69
osso,gomito,9,8,2,7,4,6,6,7,3,2,0,5,7,5.08
pancetta,fagiolo,3,0,0,5,2,1,0,4,0,0,0,1,2,1.38
tazza,barattolo,5,5,7,7,6,4,0,5,6,1,1,0,5,4.00
prova,fatto,9,6,9,2,5,7,5,6,5,9,4,0,7,5.69
appuntamento,impegno,9,6,9,8,9,8,8,8,7,7,5,7,8,7.62
compleanno,anno,9,6,4,8,4,7,7,7,0,2,1,0,4,4.54
parola,indizio,6,0,7,2,4,5,4,4,4,2,2,2,6,3.69
autore,creatore,9,10,10,10,8,10,6,9,8,9,8,10,9,8.92
atomo,carbone,5,0,0,5,1,2,0,6,0,1,3,3,5,2.38
arcivescovo,vescovo,8,8,9,9,8,9,7,7,7,9,8,7,5,7.77
lettera,paragrafo,9,0,5,4,6,5,5,7,3,1,0,3,5,4.08
pagina,paragrafo,9,5,4,6,8,5,7,8,4,1,3,6,4,5.38
campanile,cappella,8,6,5,7,6,8,5,6,0,1,0,5,6,4.85
muscolo,osso,8,6,4,3,1,4,4,6,0,2,1,6,1,3.54
muscolo,lingua,8,0,1,6,2,1,0,8,3,0,3,9,7,3.69
ragazzo,soldato,7,0,1,5,6,6,6,7,0,6,0,2,6,4.00
pancia,addome,9,10,10,7,6,9,6,9,7,10,7,9,8,8.23
tipo,ragazza,4,0,0,4,3,4,0,8,2,6,2,1,3,2.85
letto,sedia,6,0,0,4,3,5,2,6,0,2,2,0,3,2.54
vestiti,giacca,9,8,3,6,6,7,6,9,7,8,2,6,5,6.31
pistola,coltello,4,0,0,6,4,5,2,8,0,2,0,5,1,2.85
latta,metallo,7,9,8,7,7,9,4,7,7,7,5,8,7,7.08
bottiglia,contenitore,8,6,6,3,6,7,6,8,4,8,0,7,8,5.92
gallina,tacchino,7,0,2,7,6,1,5,7,0,2,2,6,2,3.62
carne,pane,1,0,1,3,5,2,0,3,0,1,0,0,2,1.38
braccio,osso,8,8,3,6,5,5,5,3,0,4,1,9,4,4.69
collo,spina,1,0,0,4,2,1,0,7,0,1,1,0,4,1.62
mela,limone,7,0,2,3,3,1,6,7,0,1,0,9,4,3.31
agonia,dolore,9,10,10,9,8,8,8,8,7,10,6,9,6,8.31
assegnazione,compito,9,10,10,8,7,8,4,5,6,8,7,8,4,7.23
notte,alba,4,5,5,1,4,0,5,6,0,2,3,6,1,3.23
cena,zuppa,8,7,6,7,5,6,5,8,0,6,0,6,2,5.08
vitello,toro,6,0,9,6,5,8,6,8,1,6,1,5,5,5.08
neve,tempesta,7,6,7,7,5,7,6,8,3,1,1,1,5,4.92
unghia,mano,8,5,4,6,6,6,7,7,1,2,0,8,1,4.69
cane,cavallo,6,0,2,6,3,1,5,7,0,1,1,3,2,2.85
braccio,collo,8,0,1,6,3,0,3,5,0,0,0,4,3,2.54
palla,guanto,4,0,1,2,4,3,0,4,0,0,2,0,2,1.69
influenza,febbre,9,9,10,6,7,8,8,9,7,9,3,8,5,7.54
rata,salario,7,0,9,3,6,6,0,8,4,0,4,9,3,4.54
nervo,cervello,5,8,2,5,4,7,4,7,1,0,2,3,4,4.00
bestia,animale,9,10,10,8,8,10,8,9,5,8,4,6,8,7.92
cena,pollo,1,7,0,6,5,7,1,8,0,2,0,3,4,3.38
ragazza,governante,5,0,1,5,4,4,0,6,0,6,1,0,6,2.92
bambino,ragazzo,7,5,4,5,7,7,5,9,5,8,2,6,4,5.69
alcol,vino,9,7,5,7,6,8,6,9,7,7,5,7,6,6.85
naso,bocca,8,0,2,6,5,7,7,7,0,1,2,3,2,3.85
strada,auto,9,0,4,6,5,7,5,6,0,0,0,6,1,3.77
campanello,porta,8,6,7,6,4,5,7,7,0,1,2,7,5,5.00
scatola,cappello,1,0,1,3,2,0,0,0,2,0,2,1,0,0.92
credo,impressione,9,7,0,4,6,0,3,3,0,2,6,0,0,3.08
pregiudizio,opinione,4,8,4,6,8,0,4,7,1,7,6,6,8,5.31
attenzione,consapevolezza,7,8,1,4,7,1,6,4,4,5,7,4,8,5.08
rabbia,umore,5,10,4,9,8,6,6,1,2,10,5,1,6,5.62
eleganza,stile,7,10,4,7,9,6,7,2,9,8,7,8,7,7.00
bellezza,età,3,7,3,3,5,4,0,3,2,4,4,7,0,3.46
libro,tema,3,6,4,1,6,2,0,3,1,4,4,7,6,3.62
amica,madre,7,5,1,2,5,0,1,2,2,5,5,5,0,3.08
vitamina,ferro,4,10,3,6,2,4,1,2,4,9,4,8,7,4.92
auto,fabbrica,8,7,0,5,6,0,0,0,1,4,3,7,1,3.23
patto,condizione,4,9,2,7,6,6,7,4,9,5,6,7,6,6.00
capitolo,scelta,2,0,2,3,7,0,0,2,0,2,3,5,0,2.00
aritmetica,ritmo,1,0,0,2,3,0,0,3,0,1,0,0,0,0.77
vincitore,presenza,3,3,1,3,4,0,0,0,0,2,3,0,0,1.46
credo,fiore,5,0,0,0,0,0,0,0,0,2,0,0,0,0.54
vincitore,goal,6,8,3,1,7,0,0,2,0,7,5,6,4,3.77
trucco,taglia,0,0,0,1,4,0,0,0,0,0,2,3,0,0.77
scelta,vena,4,0,2,4,5,0,0,0,0,1,1,0,0,1.31
inno,conquista,2,6,1,8,6,0,5,2,7,8,4,7,0,4.31
resistenza,band,4,0,3,4,2,0,1,2,0,3,4,3,0,2.00
prigione,scelta,2,1,1,1,1,0,0,2,0,1,1,1,0,0.85
condizione,ragazzo,1,4,5,2,4,0,3,0,0,2,2,1,0,1.85
fiore,resistenza,3,0,0,4,2,0,0,2,0,1,0,0,0,0.92
buco,accordo,2,0,0,0,1,0,0,2,0,3,0,0,0,0.62
dottore,temperamento,1,0,2,3,2,0,0,0,0,2,1,0,0,0.85
confraternita,porta,3,0,0,3,3,0,0,0,0,2,0,0,0,0.85
compito,donna,1,4,1,2,1,0,0,3,0,2,0,1,0,1.15
confraternita,baseball,2,4,3,1,1,0,0,1,0,1,0,3,0,1.23
centesimo,taglia,4,0,2,2,4,0,0,1,1,1,2,7,1,1.92
presenza,porta,2,3,1,0,3,0,0,0,0,0,0,0,0,0.69
topo,gestione,3,0,1,2,1,0,0,1,0,0,0,0,0,0.62
compito,autostrada,3,0,3,1,1,0,0,1,0,0,0,2,0,0.85
liquore,secolo,2,5,2,2,2,0,0,2,1,1,4,0,0,1.62
compito,paglia,2,0,3,1,0,0,0,1,0,4,0,3,0,1.08
isola,compito,2,0,2,1,1,0,0,1,0,0,0,0,0,0.54
notte,capitolo,0,0,0,0,2,0,0,0,0,3,3,4,0,0.92
inquinamento,presidente,4,0,1,0,5,0,0,1,0,3,3,6,0,1.77
pistola,trucco,1,0,2,1,2,0,0,2,0,1,2,0,0,0.85
bagno,trucco,2,6,1,2,3,4,0,0,0,0,2,6,0,2.00
dieta,mela,1,8,3,0,4,5,0,0,1,0,4,2,0,2.15
centesimo,moglie,0,0,1,1,2,0,0,0,0,2,0,2,0,0.62
capitolo,coda,4,4,4,0,2,0,0,2,0,0,3,5,0,1.85
corso,stomaco,2,0,2,0,4,0,0,2,0,3,1,6,0,1.54
inno,paglia,3,0,0,1,1,0,0,2,0,2,0,0,0,0.69
dentista,colonnello,2,3,2,0,0,0,0,2,0,0,0,0,0,0.69
moglie,paglia,2,0,4,2,1,0,0,0,0,1,0,0,0,0.77
buco,moglie,2,0,2,0,2,0,0,0,0,1,1,0,0,0.62
alunno,presidente,5,3,1,2,5,0,0,2,0,2,4,0,0,1.85
bagno,moglie,2,0,1,0,1,0,0,1,0,3,2,2,0,0.92
gente,centesimo,0,0,0,0,0,0,0,0,0,1,0,0,1,0.15
fomula,logaritmo,1,0,1,7,6,4,0,5,3,8,7,3,1,3.54
donna,pelliccia,3,0,0,2,0,2,3,5,0,2,0,0,2,1.46
mela,sole,3,0,0,3,0,0,0,2,0,1,0,0,1,0.77
pistola,alba,1,0,0,0,0,0,1,1,0,0,0,0,1,0.31
pasto,vita,0,1,0,5,0,2,2,2,0,2,5,1,2,1.69
fotocamera,presidente,0,0,0,0,0,0,1,1,0,1,0,0,0,0.23
liquore,banda,0,0,0,0,0,0,0,1,0,1,0,0,0,0.15
stomaco,vena,1,1,0,4,0,1,0,4,3,3,4,1,2,1.85
pistola,pelliccia,0,0,0,0,0,0,1,1,0,0,0,0,0,0.15
divano,baseball,3,0,0,0,0,0,0,0,0,1,0,0,1,0.38
lavoratore,fotocamera,0,0,0,5,0,2,0,2,0,2,0,2,1,1.08
ponte,topo,0,0,0,0,0,0,0,0,0,0,0,1,1,0.15
riso,ragazzo,0,0,0,0,0,1,1,2,2,2,0,1,1,0.77
gente,pistola,1,0,0,0,0,1,1,2,0,1,0,0,0,0.46
scogliera,coda,2,2,2,0,0,2,3,1,0,3,1,0,4,1.54
caviglia,finestra,2,1,1,0,0,2,2,2,2,1,0,0,1,1.08
principessa,isola,0,1,1,0,0,0,1,1,0,0,0,0,1,0.38
contenitore,topo,0,0,0,0,0,0,0,2,0,0,0,0,0,0.15
vagone,container,6,7,6,7,6,5,7,7,5,8,8,7,5,6.46
gente,palloncino,0,0,0,4,0,0,0,2,0,0,0,0,1,0.54
dollaro,gente,0,0,0,0,0,0,0,1,0,1,0,0,0,0.15
bagno,palloncino,0,0,2,0,0,2,0,1,0,2,2,0,1,0.77
stomaco,camera,1,1,1,0,0,0,1,0,0,1,0,0,0,0.38
bicicletta,camera,2,2,2,7,0,2,0,4,0,1,5,0,1,2.00
ceppo,bagno,0,0,0,0,0,2,0,1,0,1,0,0,1,0.38
ciotola,coda,0,0,0,0,0,0,0,0,0,0,0,0,0,0.00
andare,venire,0,0,2,0,0,2,2,1,0,5,5,0,1,1.38
prendere,rubare,4,4,0,5,5,4,4,4,7,6,8,5,5,4.69
ascoltare,sentire,10,10,7,10,9,8,9,7,9,9,10,8,8,8.77
pensare,razionalizzare,9,1,1,7,7,5,5,8,8,5,8,8,4,5.85
accadere,succedere,10,10,9,10,9,9,8,7,10,9,10,10,9,9.23
svanire,scomparire,10,10,5,8,9,10,10,8,10,8,10,10,9,9.00
moltiplicare,dividere,0,0,0,0,0,0,0,0,0,1,0,0,0,0.08
supplicare,implorare,10,8,9,8,9,10,10,8,10,2,10,10,8,8.62
cominciare,originarsi,0,6,1,9,8,6,2,6,8,7,10,10,4,5.92
proteggere,difendere,10,8,3,9,8,9,9,8,10,3,10,10,7,8.00
uccidere,distruggere,1,2,0,8,7,8,3,5,5,7,8,9,3,5.08
creare,fare,6,8,1,8,8,8,7,7,10,8,10,0,6,6.69
accettare,rifiutare,0,0,0,0,0,0,0,1,0,2,0,0,0,0.23
ignorare,evitare,8,6,3,7,9,4,0,6,8,7,9,10,5,6.31
trasportare,portare,10,6,3,8,7,9,7,7,10,7,9,7,6,7.38
partire,entrare,0,0,0,4,0,1,0,4,0,7,0,0,1,1.31
scegliere,eleggere,8,6,2,8,9,7,8,6,8,6,10,9,5,7.08
perdere,fallire,9,7,3,7,7,9,4,9,10,8,10,10,8,7.77
incoraggiare,scoraggiare,0,0,0,0,0,0,0,1,0,1,0,0,0,0.15
raggiungere,compiere,1,8,0,6,8,4,4,7,4,6,9,9,4,5.38
fare,costruire,6,6,1,7,9,8,7,7,10,9,8,0,6,6.46
ascoltare,ubbidire,1,5,0,6,7,3,3,5,3,3,9,6,7,4.46
informare,notificare,7,6,4,10,8,8,8,7,9,7,10,9,6,7.62
ricevere,dare,0,0,0,0,0,0,0,2,0,0,2,1,0,0.38
mutuare,implorare,0,0,0,6,0,0,1,9,1,2,2,1,1,1.77
prendere,ottenere,10,7,5,8,7,5,1,9,8,7,7,4,6,6.46
consigliare,raccomandare,9,9,3,10,5,8,9,10,10,9,8,6,8,8.00
imitare,ritrarre,2,7,1,7,1,0,0,1,5,0,4,2,1,2.38
vincere,riuscire,8,9,7,8,3,9,1,8,10,9,7,6,7,7.08
pensare,decidere,2,5,2,7,0,5,9,10,7,5,2,4,7,5.00
salutare,incontrare,0,5,2,7,0,2,1,8,5,1,3,4,1,3.00
convenire,litigare,0,0,0,0,0,0,0,1,0,0,2,1,0,0.31
divertirsi,intrattenere,5,8,1,6,5,1,9,9,7,7,5,5,2,5.38
distrurre,fare,0,0,0,0,0,0,1,1,0,0,3,1,2,0.62
salvare,proteggere,5,7,4,8,5,9,9,9,9,9,7,5,8,7.23
dare,prestare,6,9,5,8,3,6,9,9,1,2,1,6,8,5.62
capire,sapere,5,7,5,8,6,1,1,1,7,3,3,4,1,4.00
prendere,ricevere,8,0,6,8,5,8,1,9,9,9,6,0,5,5.69
accettare,riconoscere,9,6,8,7,0,3,9,8,9,8,3,6,9,6.54
decidere,scegliere,8,9,2,10,7,8,1,10,9,8,9,6,9,7.38
accettare,credere,5,5,0,6,0,3,0,3,9,5,2,2,8,3.69
tenere,possedere,8,8,6,10,6,6,1,8,9,8,8,6,8,7.08
gironzolare,vagare,10,10,7,10,7,9,9,9,10,10,9,6,10,8.92
riuscire,fallire,0,0,0,0,0,0,1,0,0,0,1,0,0,0.15
spendere,risparmiare,0,0,0,0,0,0,1,0,0,0,1,1,0,0.23
partire,andare,9,10,8,10,5,9,9,10,8,5,9,4,8,8.00
venire,frequentare,1,7,1,3,0,0,1,4,8,2,3,5,6,3.15
sapere,credere,1,6,1,7,0,0,1,2,8,0,3,3,0,2.46
riunirsi,incontrarsi,7,9,5,9,5,8,9,10,9,9,9,5,0,7.23
fare,guadagnare,1,6,2,5,5,0,1,1,7,5,2,4,1,3.08
dimenticare,ignorare,1,6,3,8,1,0,9,7,6,5,1,4,1,4.00
moltiplicare,sommare,0,0,0,7,0,0,1,0,1,5,2,2,0,1.38
restringersi,crescere,0,0,0,3,0,0,1,1,0,0,1,0,1,0.54
arrivare,partire,0,0,0,0,0,0,1,0,0,0,3,0,0,0.31
riuscire,provare,0,5,3,7,0,0,1,8,6,0,3,5,1,3.00
accettare,negare,0,0,0,4,0,0,1,1,0,0,1,0,0,0.54
arrivare,venire,6,1,4,9,0,10,9,9,8,4,7,4,8,6.08
convenire,dissentire,0,0,0,0,0,0,0,2,0,0,2,2,0,0.46
inviare,ricevere,0,0,0,0,0,0,1,1,0,0,4,0,0,0.46
vincere,dominare,8,9,0,8,3,0,9,9,9,8,2,5,9,6.08
sommare,dividere,0,0,0,6,1,0,0,1,0,0,2,0,0,0.77
uccidere,strozzare,7,8,10,9,3,0,9,9,8,8,9,5,9,7.23
acquisire,ottenere,10,9,4,10,9,9,9,10,10,6,8,8,9,8.54
partecipare,unirsi,1,6,5,3,0,0,1,9,9,7,3,3,7,4.15
partire,rimanere,0,0,0,0,0,0,1,0,0,0,1,0,0,0.15
andare,entrare,0,6,1,5,0,0,1,1,5,0,4,4,0,2.08
prendere,trasportare,1,8,2,4,0,0,1,8,8,3,2,3,1,3.15
dimenticare,apprendere,0,0,0,0,0,0,1,1,0,0,2,0,0,0.31
nominare,eleggere,10,10,9,10,7,10,9,10,10,10,9,5,8,9.00
impegnarsi,sposare,0,6,1,7,3,6,1,9,6,8,7,3,2,4.54
domandare,pregare,0,6,0,7,1,0,1,1,7,0,2,4,6,2.69
andare,inviare,0,8,1,5,2,0,1,2,8,4,4,4,1,3.08
prendere,consegnare,0,2,1,0,0,0,0,2,1,0,3,2,1,0.92
parlare,sentire,0,2,0,0,0,0,1,0,0,0,0,0,0,0.23
analizzare,valutare,10,8,9,7,8,3,5,5,0,9,9,6,9,6.77
argomentare,razionalizzare,8,4,7,6,7,0,6,5,0,5,2,1,0,3.92
perdere,tenere,0,1,0,0,0,0,0,2,0,0,0,0,0,0.23
confrontare,analizzare,8,5,7,2,2,8,7,5,0,7,9,3,5,5.23
disorganizzare,organizzare,0,1,0,0,0,0,0,0,0,0,0,0,0,0.08
andare,consentire,4,0,2,0,0,0,2,2,0,0,0,0,0,0.77
prendere,possedere,0,6,6,0,1,0,8,3,8,4,3,5,6,3.85
imparare,ascoltare,10,3,3,0,5,0,2,2,4,4,3,0,0,2.77
distruggere,costruire,0,1,0,0,0,0,0,0,0,0,0,0,0,0.08
creare,fabbricare,6,9,9,8,5,9,7,8,10,9,8,8,10,8.15
rubare,comprare,0,1,0,0,0,0,0,1,0,0,0,0,0,0.15
uccidere,impiccare,10,6,9,5,2,8,6,5,6,2,2,7,0,5.23
dimenticare,sapere,0,1,5,0,0,0,1,2,0,0,0,0,0,0.69
creare,immaginare,5,1,5,3,4,9,1,4,0,1,3,1,0,2.85
fare,succedere,0,2,7,0,1,0,7,2,0,0,0,4,0,1.77
vincere,compiere,7,3,6,1,2,0,1,6,0,0,3,3,6,2.92
dare,negare,0,1,3,0,0,0,0,0,0,0,0,6,0,0.77
meritare,guadagnare,7,9,7,6,3,0,8,8,0,2,8,8,5,5.46
ottenere,mettere,0,0,0,0,0,0,1,3,0,0,3,0,0,0.54
individuare,trovare,10,9,8,9,4,10,10,7,10,10,10,6,5,8.31
apparire,presenziare,6,4,8,6,6,2,8,8,10,0,2,8,9,5.92
sapere,comprendere,5,3,8,3,5,0,7,6,4,8,3,4,0,4.31
fingere,immaginare,7,6,5,3,2,0,2,3,0,0,2,4,0,2.62
soddisfare,accontentare,8,9,9,7,10,8,1,5,5,8,9,9,5,7.15
curare,tenere,0,3,6,0,1,0,8,1,0,6,1,2,0,2.15
discutere,dissentire,7,2,5,2,5,0,2,4,0,0,2,3,0,2.46
sopraffare,dominare,10,9,7,8,9,10,9,8,0,8,10,8,0,7.38
comportarsi,obbedire,0,1,5,0,7,0,0,3,0,0,2,0,0,1.38
cooperare,partecipare,10,4,8,0,6,10,8,6,9,8,8,8,0,6.54
raggiungere,provare,0,2,4,0,0,0,2,1,0,1,0,0,0,0.77
fallire,scoraggiare,2,3,5,0,3,0,4,3,0,1,3,3,0,2.08
cominciare,smettere,0,1,0,0,0,0,0,0,0,0,0,0,0,0.08
dire,partecipare,5,0,3,0,0,0,1,3,0,0,2,2,0,1.23
venire,portare,5,1,2,0,0,0,1,1,0,0,2,2,0,1.08
dichiarare,annunciare,10,9,8,10,9,2,9,6,10,4,8,9,6,7.69
leggere,comprendere,5,2,3,0,4,8,1,5,3,2,3,3,10,3.77
prendere,abbandonare,0,1,0,0,0,0,0,0,0,0,0,0,0,0.08
proclamare,annunciare,10,9,8,10,9,10,9,5,10,10,10,8,7,8.85
aquisire,ottenere,10,6,6,7,9,8,10,6,10,9,9,2,6,7.54
concludere,decidere,7,3,6,4,6,0,6,4,0,1,3,6,8,4.15
accontentare,supplicare,0,0,3,0,1,0,1,0,0,0,0,0,0,0.38
argomentare,dimostrare,7,6,8,7,8,6,8,3,9,1,7,6,7,6.38
chiedere,supplicare,3,7,4,7,7,7,3,4,5,3,2,5,0,4.38
trovare,scomparire,0,0,0,0,0,0,0,0,0,0,0,0,0,0.00
ispezionare,esaminare,10,8,8,10,8,10,5,6,10,9,10,9,8,8.54
verificare,giustificare,6,4,3,7,6,0,1,7,0,1,2,1,0,2.92
supporre,predirre,6,6,8,3,8,6,8,4,6,0,9,2,5,5.46
imparare,valutare,0,1,5,0,3,0,7,2,0,0,2,0,0,1.54
argomentare,giustificare,9,5,6,9,8,2,5,2,7,0,7,7,0,5.15
fare,diventare,1,2,2,1,5,3,4,6,1,1,4,2,1,2.54
scoprire,originare,0,0,1,0,6,4,3,7,0,2,2,3,4,2.46
raggiungere,riuscire,9,7,4,2,8,7,5,5,4,5,2,8,6,5.54
dare,mettere,1,3,2,0,4,4,3,6,5,3,1,1,4,2.85
capire,ascoltare,1,2,0,1,9,3,4,7,6,4,6,7,3,4.08
espandere,crescere,8,8,7,8,6,8,5,8,9,8,8,7,8,7.54
mutuare,vendere,0,0,0,1,4,3,2,4,5,4,2,1,2,2.15
tenere,proteggere,5,6,4,3,5,0,5,5,0,4,2,2,3,3.38
spiegare,dimostrare,6,8,4,6,9,5,4,8,8,5,7,5,7,6.31
supporre,fingere,1,0,0,0,6,0,3,2,2,5,3,2,3,2.08
convenire,compiacere,2,6,1,3,4,2,4,6,2,6,6,2,1,3.46
perdonare,dimenticare,6,0,0,3,7,5,4,3,7,4,1,5,3,3.69
chiarire,spiegare,9,10,7,8,7,10,2,8,10,7,7,9,7,7.77
capire,perdonare,4,6,0,0,7,0,5,7,5,5,4,3,3,3.77
rammentare,dimenticare,1,0,0,0,3,0,1,1,0,0,4,0,0,0.77
diventare,rimanere,1,0,0,0,2,0,1,4,0,2,8,0,2,1.54
accorgersi,scoprire,7,7,7,7,9,9,1,7,9,4,5,8,7,6.69
richiedere,domandare,6,7,9,9,8,8,7,6,10,7,9,8,8,7.85
ignorare,chiedere,1,0,0,0,3,0,0,0,0,0,2,0,1,0.54
pensare,indagare,3,7,0,0,2,2,1,1,3,0,6,1,3,2.23
rifiutare,evitare,6,4,1,4,4,9,1,5,5,4,7,3,4,4.38
convincere,persuadere,10,10,5,10,9,10,6,4,10,6,8,10,9,8.23
perseguire,persuadere,0,0,0,2,6,0,4,8,0,1,2,0,0,1.77
accettare,perdonare,4,5,0,2,7,1,2,1,6,2,3,2,2,2.85
fare,smettere,1,0,0,0,4,0,0,0,3,4,7,0,1,1.54
investigare,esaminare,5,8,7,8,8,10,8,8,5,5,8,9,5,7.23
discutere,spiegare,2,5,5,2,8,5,4,8,3,4,6,3,6,4.69
dovere,prestare,1,0,0,0,2,0,1,3,0,1,6,1,3,1.38
esplorare,scoprire,7,2,6,7,7,10,8,8,6,6,7,7,7,6.77
lamentarsi,litigare,5,5,1,1,7,4,3,7,5,1,3,5,3,3.85
ritirare,rifiutare,0,0,1,6,4,0,1,4,0,2,3,0,0,1.62
tenere,mutuare,1,0,0,0,5,0,2,2,0,1,5,0,0,1.23
implorare,chiedere,6,5,7,5,7,5,4,6,8,6,8,7,8,6.31
disporre,organizzare,6,7,0,3,8,8,2,6,8,3,6,8,6,5.46
ridurre,restringersi,2,7,6,7,6,7,7,2,7,5,5,9,9,6.08
parlare,riconoscere,0,0,1,0,5,0,2,3,0,2,1,1,5,1.54
dare,mutuare,2,0,0,2,5,3,1,8,0,4,0,1,1,2.08
uccidere,difendere,1,0,0,1,3,0,2,0,3,1,4,1,0,1.23
scomparire,restringersi,2,3,0,7,4,0,1,3,5,1,1,3,5,2.69
consegnare,trasportare,6,2,7,0,2,5,7,9,6,7,6,9,5,5.46
respirare,ingozzarsi,0,0,0,0,2,0,1,0,0,0,2,0,1,0.46
riconoscere,notificare,5,6,5,0,6,5,2,4,0,6,3,4,4,3.85
diventare,sembrare,3,0,2,0,7,0,2,8,3,6,6,2,5,3.38
fingere,sembrare,7,0,1,5,4,5,5,3,8,6,7,6,5,4.77
compiere,diventare,2,1,0,0,4,0,3,8,3,2,7,2,2,2.62
contemplare,pensare,6,6,10,8,7,5,6,1,7,5,6,7,3,5.92
determinare,predirre,3,3,5,0,6,6,3,3,0,5,1,4,5,3.38
compiacere,intrattenere,6,0,4,6,6,5,3,6,6,3,2,7,1,4.23
rimanere,conservare,2,6,5,9,4,5,3,4,0,3,5,5,3,4.15
fingere,ritrarre,0,2,0,0,3,0,0,2,0,0,2,2,3,1.08
dimenticare,conservare,0,0,5,0,0,0,3,0,0,0,0,2,0,0.77
volere,scegliere,0,0,3,0,9,6,5,7,1,5,1,5,9,3.92
perdere,ottenere,0,0,0,0,1,0,0,0,0,0,0,0,4,0.38
provare,pensare,0,0,2,4,1,2,1,0,0,1,0,2,2,1.15
diventare,apparire,1,2,3,4,1,3,4,0,0,0,5,5,3,2.38
abbandonare,ignorare,1,3,3,4,1,6,3,2,0,1,5,3,4,2.77
accettare,raccomandare,0,0,1,6,0,0,3,0,0,0,2,4,1,1.31
partire,vagare,4,4,5,5,9,5,5,9,2,3,6,4,6,5.15
tenere,dare,0,0,0,2,1,0,0,0,0,0,0,1,2,0.46
dare,consentire,9,1,3,6,0,5,3,9,0,0,4,4,3,3.62
portare,inviare,0,0,4,5,0,3,5,0,0,0,0,3,4,1.85
assorbire,imparare,7,2,4,7,7,4,2,7,0,1,6,0,8,4.23
acquisire,trovare,0,0,3,0,5,0,4,6,2,2,1,3,3,2.23
partire,apparire,1,0,0,0,0,0,2,0,0,0,1,2,0,0.46
creare,distruggere,0,0,1,7,1,0,0,0,0,0,0,0,5,1.08
cominciare,andare,0,0,4,0,0,4,2,0,0,2,4,3,6,1.92
ottenere,comprare,2,2,4,6,4,6,5,6,1,4,9,4,7,4.62
riscuotere,risparmiare,0,0,4,6,5,2,0,0,0,1,1,4,5,2.15
sostituire,ripristinare,0,2,0,2,4,6,1,7,1,0,2,4,7,2.77
unirsi,aggiungere,6,4,1,2,1,4,6,8,0,7,8,4,4,4.23
unirsi,sposare,1,3,1,10,9,8,5,10,1,6,8,6,10,6.00
accettare,consegnare,4,0,2,0,0,0,4,1,0,0,0,3,3,1.31
unire,congiungersi,3,6,7,9,10,9,7,10,6,8,7,9,10,7.77
mettere,appendere,7,2,5,7,6,6,2,3,1,7,6,2,0,4.15
andare,vendere,0,0,3,2,2,1,2,0,0,0,0,1,4,1.15
comunicare,pregare,1,1,4,6,1,3,2,4,0,4,3,3,6,2.92
dare,rubare,0,0,1,2,1,0,1,0,0,0,0,1,0,0.46
aggiungere,costruire,1,0,3,0,2,4,1,0,0,6,4,0,3,1.85
portare,ripristinare,0,0,3,4,8,1,5,0,0,0,0,3,2,2.00
comprendere,soddisfare,0,0,2,6,1,6,4,0,0,1,0,4,4,2.15
ritrarre,decidere,0,0,2,0,0,1,1,0,0,0,2,4,0,0.77
organizzare,diventare,0,0,0,4,1,0,2,0,0,0,0,4,4,1.15
dare,sapere,0,0,2,4,4,0,3,0,0,1,1,3,0,1.38
dire,verificare,0,0,2,0,1,1,3,0,0,2,1,3,0,1.00
cooperare,unirsi,7,8,5,9,9,8,4,8,1,7,8,9,10,7.15
disporre,richiedere,1,0,2,3,7,0,1,1,3,3,0,5,0,2.00
mutuare,volere,0,0,0,4,4,0,2,0,0,1,0,1,0,0.92
investigare,perseguire,6,4,5,4,2,2,3,0,1,1,7,4,10,3.77
ignorare,esplorare,0,0,0,4,1,0,1,0,0,0,1,0,0,0.54
portare,lamentarsi,0,0,2,0,0,0,1,0,0,0,0,1,0,0.31
entrare,dovere,0,0,0,1,0,0,2,0,0,0,0,1,0,0.31
ritrarre,notificare,0,0,1,5,0,1,1,0,0,5,2,2,2,1.46
rammentare,vendere,2,0,1,0,2,0,1,0,0,1,2,0,0,0.69
assorbire,possedere,0,3,1,4,7,2,1,0,0,1,6,0,4,2.23
unire,acquisire,0,0,2,0,1,5,2,4,0,7,6,4,4,2.69
inviare,frequentare,0,0,0,0,1,0,2,0,0,1,0,1,1,0.46
riunire,presenziare,0,2,4,5,6,4,2,10,1,3,0,2,4,3.31
assorbire,ritirare,0,0,2,4,0,1,2,0,2,2,5,3,8,2.23
presenziare,arrivare,2,0,4,0,9,6,5,7,0,1,5,5,1,3.46
