Word1,Word2,1,2,3,4,5,6,7,8,9,10,11,12,13,Average Score
старый,новый,0,0,0,0,0,0,0,0,0,0,0,0,0,0.00
сообразительный,интеллектуальный,8,9,10,9,7,7,9,9,9,8,8,6,9,8.31
тяжелый,трудный,8,10,10,9,7,6,10,9,9,8,8,10,8,8.62
счастливый,радостный,10,9,10,9,10,4,7,9,9,8,8,8,9,8.46
тяжелый,легкий,0,0,0,0,0,0,0,0,0,0,0,0,0,0.00
быстрый,скоростной,9,10,10,10,9,8,10,8,10,9,9,8,9,9.15
счастливый,довольный,9,9,10,9,10,5,9,9,6,7,7,7,8,8.08
короткий,длинный,0,0,0,0,0,0,0,0,0,0,0,0,0,0.00
глупый,тупой,7,10,0,9,10,9,10,9,9,9,8,8,9,8.23
чудной,странный,8,10,10,5,9,7,10,9,10,9,7,7,10,8.54
широкий,узкий,0,0,0,0,0,0,0,0,0,0,0,0,0,0.00
плохой,ужасный,10,8,10,9,9,6,10,9,7,9,8,8,9,8.62
легкий,трудный,0,0,0,0,0,0,0,0,0,0,0,0,0,0.00
плохой,ужасный,10,8,10,9,9,6,10,9,7,9,8,8,9,8.62
трудный,простой,0,0,0,0,0,0,0,0,0,0,0,0,0,0.00
сообразительный,тупой,0,0,0,0,0,0,0,0,0,0,0,0,0,0.00
безумный,сумасшедший,7,10,10,10,9,9,10,9,10,9,8,10,10,9.31
счастливый,рассерженный,0,0,0,0,0,0,0,0,0,0,0,0,0,0.00
большой,огромный,10,10,10,9,10,7,9,10,8,9,8,10,9,9.15
твердый,прочный,10,8,10,9,5,6,6,8,8,7,8,8,8,7.77
новый,свежий,9,10,10,9,8,6,10,8,8,0,6,8,9,7.77
острый,тупой,0,0,0,0,0,0,0,0,0,0,0,0,0,0.00
скорый,скоростной,9,10,10,9,9,8,10,7,9,9,10,10,9,9.15
тупой,дурацкий,5,10,5,8,9,6,9,10,5,8,8,8,7,7.54
прекрасный,потрясающий,8,10,5,10,9,7,10,9,10,8,8,8,8,8.46
странный,необычный,9,10,5,10,9,7,10,9,10,8,10,10,9,8.92
счастливый,злой,0,0,0,0,0,0,0,0,0,0,0,0,0,0.00
узкий,широкий,0,0,0,0,0,0,0,0,0,0,0,0,0,0.00
простой,легкий,10,10,10,9,7,7,5,0,10,9,8,6,0,7.00
старый,свежий,0,0,0,0,0,0,0,0,0,0,0,0,0,0.00
кажущийся,очевидный,0,0,0,3,8,0,0,7,0,0,9,10,1,2.92
недорогой,дешевый,10,10,10,10,10,10,10,8,7,9,10,10,9,9.46
приятный,великодушный,5,8,5,5,0,0,0,6,0,0,8,5,4,3.54
ненормальный,нормальный,0,0,0,0,0,0,0,0,0,0,0,0,0,0.00
ненормальный,необычный,5,8,0,5,10,7,5,9,9,7,0,6,6,5.92
плохой,безнравственный,7,8,0,3,6,3,10,9,7,5,6,6,6,5.85
печальный,смешной,0,0,0,0,0,0,0,0,0,0,0,0,0,0.00
прекрасный,великолепный,9,10,10,10,10,6,10,10,10,9,8,10,10,9.38
виноватый,пристыженный,7,8,7,7,9,8,8,7,9,7,8,7,7,7.62
красивый,прекрасный,10,10,10,10,10,8,10,10,9,10,8,8,9,9.38
самоуверенный,уверенный,7,9,10,9,7,8,9,8,7,7,8,7,0,7.38
тупой,глупый,8,10,10,9,9,9,10,10,6,9,9,7,9,8.85
крупный,большой,10,10,10,9,10,9,10,9,10,9,8,10,9,9.46
милый,жестокий,0,0,0,0,0,0,0,0,0,0,0,0,0,0.00
нетерпеливый,беспокойный,8,8,10,9,9,6,8,7,7,8,7,6,8,7.77
большой,широкий,2,3,6,5,3,2,2,4,5,3,3,3,2,3.31
сильный,гордый,5,2,3,6,2,3,2,3,4,1,2,4,5,3.23
ненужный,необходимый,0,0,0,0,0,0,0,0,0,0,0,0,0,0.00
неугомонный,молодой,0,8,0,3,6,1,0,3,2,0,0,0,1,1.85
тупой,интеллектуальный,0,0,0,0,0,0,0,0,0,0,0,0,0,0.00
плохой,великолепный,0,0,0,0,0,0,0,0,0,0,0,0,0,0.00
трудный,простой,0,0,0,0,0,0,0,0,0,0,0,0,0,0.00
необходимый,важный,10,2,8,10,9,8,10,9,6,7,5,5,7,7.38
плохой,потрясающий,0,0,0,0,0,0,0,0,0,0,0,0,0,0.00
рассерженный,довольный,0,0,0,0,0,0,0,0,0,0,0,0,0,0.00
честный,виноватый,0,0,0,0,0,0,0,0,0,0,0,0,0,0.00
легкий,трудный,0,0,0,0,0,0,0,0,0,0,0,0,0,0.00
покладистый,гибкий,2,0,5,5,2,4,7,7,0,5,5,3,7,4.00
убежденный,бесспорный,7,0,6,5,9,5,10,9,7,5,6,1,7,5.92
неотъемлемый,необходимый,10,5,9,10,9,8,10,9,9,6,8,4,9,8.15
необычный,обычный,0,0,0,0,0,0,0,0,0,0,0,0,0,0.00
хитрый,умный,0,0,0,5,5,4,8,3,4,3,0,5,7,3.38
решающий,важный,9,0,7,5,10,8,10,9,7,7,8,6,6,7.08
жесткий,жестокий,0,0,2,0,8,7,7,0,0,8,7,7,3,3.77
ребячливый,безрассудный,1,5,1,0,7,7,7,7,3,7,5,9,7,5.08
скудный,редкий,5,0,0,0,4,6,10,3,7,2,9,9,8,4.85
дружелюбный,великодушный,10,0,7,5,2,3,8,1,2,5,6,4,5,4.46
ранимый,бесстрастный,0,0,0,0,0,0,0,0,0,0,0,0,2,0.15
длинный,узкий,0,0,0,0,0,0,7,0,0,0,0,0,6,1.00
большой,тяжелый,9,0,0,0,8,2,10,0,0,0,3,0,6,2.92
грубый,равнодушный,7,5,2,0,3,0,2,5,2,0,2,5,4,2.85
эксцентричный,странный,5,7,0,0,9,8,7,6,9,8,6,10,7,6.31
нелегальный,безнравственный,0,0,0,5,4,0,6,0,0,0,0,1,5,1.62
плохой,виноватый,5,5,0,0,2,0,0,1,0,2,0,0,6,1.62
современный,старинный,0,0,0,0,0,0,0,0,0,0,0,0,0,0.00
новый,старый,0,0,0,0,0,0,0,0,0,0,0,0,0,0.00
скучный,смешной,0,0,0,0,0,0,0,0,0,0,0,0,0,0.00
счастливый,молодой,0,0,1,0,0,0,1,1,0,0,0,1,2,0.46
легкий,большой,0,0,0,0,0,0,0,0,0,0,0,0,0,0.00
прекрасный,ужасный,0,0,0,0,0,0,0,0,0,0,0,0,0,0.00
крошечный,огромный,0,0,0,0,0,0,0,0,0,0,0,0,0,0.00
вежливый,приличный,9,0,0,5,2,8,8,3,10,7,6,7,5,5.38
скромный,пристыженный,0,0,0,0,2,3,7,0,0,0,5,2,2,1.62
экзотичный,редкий,10,10,1,0,10,6,9,7,9,7,9,10,9,7.46
тупой,умный,0,0,0,0,0,0,0,0,0,0,0,0,0,0.00
восхитительный,прекрасный,10,7,10,5,10,9,10,9,10,10,8,10,10,9.08
заметный,очевидный,0,10,6,10,5,9,8,5,7,7,6,8,7,6.77
испуганный,встревоженный,9,10,10,10,8,5,8,8,7,8,5,6,7,7.77
официальный,приличный,0,0,0,5,3,4,8,0,0,0,3,3,4,2.31
тоскливый,скучный,10,10,1,10,10,10,10,8,8,10,6,10,9,8.62
восхитительный,радостный,9,2,8,5,10,3,8,8,0,0,6,7,2,5.23
несчастный,рассерженный,4,0,0,0,0,0,5,1,0,0,0,1,1,0.92
печальный,ужасный,5,0,2,0,0,0,6,0,7,0,2,2,6,2.31
больной,сумасшедший,4,8,5,5,3,2,6,8,0,3,3,7,6,4.62
яростный,злой,8,7,2,10,9,10,10,6,9,2,8,8,8,7.46
груженный,тяжелый,10,1,8,5,7,4,10,7,10,5,8,3,5,6.38
грязный,дешевый,0,0,1,0,3,1,0,1,0,0,0,3,1,0.77
эластичный,гибкий,10,0,7,10,10,10,10,9,9,5,5,9,9,7.92
твердый,плотный,10,0,7,5,9,7,8,3,6,6,7,6,8,6.31
недавний,новый,9,8,5,0,3,9,10,7,8,6,5,9,9,6.77
дерзкий,гордый,0,0,3,0,3,0,0,0,0,0,5,0,0,0.85
скрытный,странный,0,9,7,0,1,6,8,10,0,0,0,0,0,3.15
странный,скрытный,0,7,0,0,1,8,9,10,0,0,0,0,0,2.69
немой,редкий,0,0,0,0,0,0,0,0,0,0,0,0,0,0.00
ловкий,выносливый,10,4,4,0,3,10,0,0,0,5,0,10,5,3.92
ужасный,рассерженный,6,8,7,0,0,10,0,0,0,0,0,0,0,2.38
скромный,покладистый,8,0,10,0,3,6,0,0,5,0,0,0,0,2.46
свежий,широкий,0,0,0,0,0,0,0,0,0,0,0,0,0,0.00
огромный,тупой,0,0,0,0,0,0,0,0,0,0,0,0,0,0.00
крупный,гибкий,0,0,0,0,0,0,0,0,0,0,0,0,0,0.00
грязный,узкий,0,0,0,0,0,0,0,0,0,0,0,0,0,0.00
жена,муж,0,0,0,0,0,0,0,0,0,0,0,0,0,0.00
книга,текст,0,5,4,0,1,10,8,10,0,6,5,10,10,5.31
жених,невеста,0,0,0,0,0,0,0,0,0,0,0,0,0,0.00
ночь,день,0,0,0,0,0,0,0,0,0,0,0,0,0,0.00
юг,север,0,0,0,0,0,0,0,0,0,0,0,0,0,0.00
самолет,аэропорт,0,5,0,0,0,7,0,0,0,0,5,0,0,1.31
дядя,тетя,0,0,0,0,0,0,0,0,0,0,0,0,0,0.00
лошадь,кобыла,10,10,10,10,10,10,10,10,10,10,10,10,10,10.00
низ,верх,0,0,0,0,0,0,0,0,0,0,0,0,0,0.00
друг,приятель,10,10,10,10,8,10,10,10,10,9,5,10,9,9.31
учащийся,ученик,10,10,10,10,10,10,10,10,10,9,10,10,9,9.85
мир,Земля,0,0,7,0,3,7,9,10,10,3,9,10,8,5.85
нога,рука,0,0,0,0,0,0,0,0,0,0,0,0,0,0.00
самолет,джет,10,0,5,10,5,8,9,0,10,10,7,0,0,5.69
женщина,мужчина,0,0,0,0,0,0,0,0,0,0,0,0,0,0.00
конь,жеребенок,6,8,5,3,3,10,8,10,0,10,8,10,0,6.23
актриса,актер,0,0,10,0,5,0,10,0,0,8,10,0,5,3.69
учитель,преподаватель,10,10,10,10,10,10,10,10,10,9,10,10,10,9.92
фильм,кинолента,10,10,10,10,10,10,10,10,10,10,10,10,9,9.92
птица,ястреб,10,9,0,0,1,10,10,0,0,10,8,10,0,5.23
слово,словарь,0,1,0,0,0,10,9,0,0,9,7,0,0,2.77
деньги,зарплата,10,9,1,10,3,10,10,10,2,7,7,10,9,7.54
собака,кошка,0,0,0,0,0,0,0,0,0,0,0,0,0,0.00
область,регион,10,9,10,10,5,10,10,10,10,9,5,10,10,9.08
флот,армия,0,0,8,0,3,8,0,10,0,6,3,10,9,4.38
книга,литература,10,9,0,0,3,10,10,0,0,9,8,10,9,6.00
одежда,шкаф,0,0,0,0,0,7,0,0,0,0,5,0,0,0.92
закат,рассвет,0,0,0,0,0,0,0,0,0,0,0,0,0,0.00
ребенок,взрослый,0,0,0,0,0,0,0,0,0,0,0,0,0,0.00
корова,скот,10,0,5,8,8,8,10,10,10,10,7,10,9,8.08
книга,история,0,0,0,0,1,8,0,0,0,0,1,0,8,1.38
зима,лето,0,0,0,0,0,0,0,0,0,0,0,0,0,0.00
такси,таксомотор,9,6,10,10,5,10,10,0,10,0,3,10,0,6.38
дерево,клен,10,8,4,0,1,10,8,0,0,10,7,10,0,5.23
кровать,спальня,0,0,0,10,0,10,0,0,4,0,0,0,8,2.46
крыша,потолок,0,0,0,0,3,8,0,0,5,8,5,0,7,2.77
болезнь,инфекция,10,10,3,10,1,10,10,10,9,9,8,10,8,8.31
рука,плечо,0,10,5,0,0,0,0,0,2,5,4,0,0,2.00
овца,ягненок,6,9,0,3,5,6,10,10,5,9,0,10,7,6.15
госпожа,господин,7,5,9,8,8,10,0,0,0,2,0,8,0,4.38
лодка,якорь,8,0,0,2,8,0,0,0,0,1,0,7,0,2.00
священник,монах,10,8,8,10,9,9,8,0,5,7,5,10,7,7.38
палец,палец,10,10,10,10,9,10,10,10,10,10,10,10,10,9.92
река,поток,9,8,9,8,9,7,10,0,0,6,5,7,3,6.23
злость,ярость,10,9,10,8,9,9,10,9,10,8,5,8,10,8.85
дата,календарь,8,0,2,9,8,9,0,0,1,5,5,9,2,4.46
море,океан,7,5,8,7,9,9,0,2,5,7,5,9,2,5.77
секунда,минута,6,0,0,1,7,9,0,0,0,4,0,8,0,2.69
кисть,палец,7,1,8,1,9,0,0,0,0,3,0,8,5,3.23
дерево,бревно,8,0,0,8,7,9,10,5,8,6,5,8,3,5.92
слякоть,грязь,10,4,9,8,9,9,10,7,4,8,5,10,9,7.85
проход,коридор,8,6,7,9,8,6,10,6,0,7,5,7,8,6.69
привычка,манера,10,7,10,9,9,9,9,0,9,6,10,8,10,8.15
мышка,кошка,7,1,0,1,3,0,0,0,0,0,0,8,0,1.54
полицейский,шериф,10,8,7,10,9,10,10,9,10,7,5,8,8,8.54
смерть,погребение,9,0,10,6,9,9,0,6,0,4,5,10,1,5.31
музыка,мелодия,9,7,10,8,9,9,10,7,10,9,10,9,7,8.77
пиво,алкоголь,9,5,8,9,8,9,0,9,0,4,5,8,8,6.31
рот,губа,8,5,5,2,8,9,0,0,0,5,5,8,1,4.31
буря,ураган,9,5,9,9,9,9,10,9,10,9,5,9,9,8.54
налог,доход,6,0,0,2,1,10,0,0,0,4,0,6,0,2.23
цветок,фиалка,8,0,5,6,9,9,0,10,5,6,10,9,5,6.31
бумага,картон,10,6,1,6,9,9,10,9,9,4,0,8,5,6.62
пол,потолок,0,0,0,1,1,10,0,0,0,0,0,5,0,1.31
пляж,побережье,7,8,7,9,9,9,7,4,7,7,0,9,3,6.62
карниз,занавеска,4,1,0,5,8,0,0,0,0,1,5,6,0,2.31
гончая,лиса,0,0,0,1,2,0,0,0,0,0,0,5,0,0.62
улица,переулок,6,4,9,9,8,9,0,6,5,7,0,8,3,5.69
судно,палуба,8,0,5,7,9,0,0,0,0,2,0,8,1,3.08
автомобиль,гудок,2,0,0,1,9,0,0,0,0,3,0,7,2,1.85
друг,гость,4,0,0,2,8,9,0,0,0,4,0,5,0,2.46
работодатель,работник,7,0,0,1,1,10,0,0,0,0,0,8,0,2.08
кисть,запястье,7,5,8,6,8,9,0,0,9,1,5,8,2,5.23
ядро,пушка,9,0,0,5,7,0,0,0,0,1,5,9,0,2.77
алкоголь,бренди,9,5,9,8,10,9,0,9,0,7,5,8,9,6.77
победа,триумф,10,10,10,8,9,10,10,10,10,9,10,9,10,9.62
телефон,будка,7,0,0,2,8,0,0,0,0,4,5,7,1,2.62
дверь,проем,8,0,8,9,8,6,8,0,0,4,0,8,5,4.92
мотель,гостиница,10,8,10,9,9,10,10,10,10,7,10,9,9,9.31
одежда,ткань,8,5,1,6,8,0,0,9,0,2,5,8,0,4.00
стейк,мясо,10,6,8,9,8,9,0,9,0,8,5,8,5,6.54
ноготь,палец,2,0,5,8,7,9,0,0,0,3,0,7,2,3.31
группа,оркестр,9,2,0,1,8,9,10,5,5,6,0,7,0,4.77
книга,Библия,8,4,8,1,10,8,0,8,0,6,5,9,1,5.23
предприятие,промышленность,8,0,10,7,9,8,0,6,0,4,5,8,3,5.23
зима,сезон,10,5,0,6,7,0,0,5,0,2,5,8,3,3.92
десятилетие,век,4,0,0,1,4,9,0,0,0,2,0,7,0,2.08
алкоголь,джин,9,5,9,8,1,9,0,9,0,6,10,9,8,6.38
шляпа,пальто,2,0,0,3,3,0,0,0,0,2,0,6,0,1.23
окно,дверь,0,0,0,0,0,1,0,0,0,0,1,0,0,0.15
рука,запястье,3,2,6,8,1,1,0,0,0,0,6,5,1,2.54
дом,квартира,9,2,10,9,5,8,10,10,7,0,6,9,5,6.92
стекло,хрусталь,9,4,10,8,7,1,10,0,3,10,4,5,3,5.69
вино,бренди,10,2,10,8,9,1,0,0,10,0,3,5,2,4.62
создатель,изготовитель,10,8,10,10,10,9,10,10,9,10,8,10,9,9.46
ужин,завтрак,0,2,0,0,0,2,0,0,0,0,0,0,0,0.31
рука,мускул,3,3,4,7,0,1,0,0,0,0,1,1,0,1.54
пузырь,пена,9,0,10,8,1,6,0,0,0,0,3,5,0,3.23
хлеб,мука,8,2,10,8,7,6,10,0,0,0,4,5,7,5.15
смерть,трагедия,5,6,10,9,6,4,0,0,1,0,7,9,5,4.77
отсутствие,пристуствие,0,0,0,0,0,1,0,0,0,0,0,0,0,0.08
ружье,пушка,9,4,3,8,0,1,10,0,0,0,4,5,0,3.38
трава,травинка,10,9,10,9,9,9,0,10,9,10,9,5,9,8.31
мяч,корзина,0,0,2,0,0,1,0,0,0,0,2,5,0,0.77
шланг,сад,0,0,3,0,0,1,0,0,0,0,1,5,0,0.77
мальчик,ребенок,4,6,10,9,1,1,10,10,8,0,7,1,6,5.62
церковь,хор,0,1,6,7,0,1,0,0,0,0,2,2,0,1.46
одежда,ящик,0,0,3,0,0,0,0,0,0,0,1,0,0,0.31
башня,колокол,0,2,5,0,0,1,0,0,0,0,1,5,0,1.08
отец,родитель,10,7,10,9,10,9,10,10,9,10,9,10,10,9.46
школа,класс,0,2,8,9,5,6,10,0,0,0,3,5,0,3.69
родитель,взрослый,3,4,10,8,0,9,0,0,0,0,6,5,1,3.54
пруток,тюрьма,1,0,0,0,0,0,0,0,0,0,0,0,0,0.08
автомобиль,автострада,4,0,8,0,0,3,0,0,0,0,1,0,0,1.23
словарь,толкование,8,3,10,8,10,8,0,0,0,10,4,10,3,5.69
дверь,подвал,0,0,3,0,0,2,0,0,0,0,0,0,0,0.38
армия,легион,8,6,10,9,9,2,10,10,0,10,8,7,0,6.85
металл,алюминий,9,2,7,8,1,1,10,0,3,10,3,5,1,4.62
стул,скамейка,4,4,4,9,1,9,0,0,0,0,4,1,3,3.00
облако,туман,8,3,10,8,0,1,10,0,0,0,4,5,0,3.77
мальчик,сын,4,3,10,8,1,1,0,8,3,0,2,5,2,3.62
вода,лед,0,1,2,8,0,9,0,0,0,0,5,0,1,2.00
постель,одеяло,0,7,6,8,5,1,0,0,0,10,4,3,0,3.38
представитель,адвокат,2,1,10,10,3,8,10,8,6,0,4,9,9,6.15
область,зона,10,9,8,10,1,9,10,10,7,10,3,10,8,8.08
предприятие,компания,10,7,10,10,10,9,10,10,8,10,8,10,8,9.23
одежда,ткань,2,3,10,9,1,0,10,0,0,0,2,5,0,3.23
свитер,пиджак,0,1,7,9,0,1,0,0,0,0,2,0,0,1.54
деньги,капитал,10,3,10,10,9,2,10,10,8,10,7,9,7,8.08
кисть,ступня,0,0,0,0,0,0,0,0,0,0,0,0,0,0.00
алкоголь,коктейль,5,2,10,9,5,6,0,0,7,10,4,5,6,5.31
ярд,дюйм,0,4,3,0,0,1,10,0,0,10,1,5,0,2.62
молекула,атом,10,6,6,8,1,9,0,0,0,0,2,8,0,3.85
линза,фотоаппарат,1,2,6,8,0,0,0,0,0,0,1,5,0,1.77
трапеза,ужин,9,6,10,9,9,9,10,10,7,10,7,8,2,8.15
глаз,слеза,0,1,4,8,1,2,0,0,0,0,2,5,0,1.77
Бог,дьявол,0,0,0,0,0,1,0,0,0,0,0,0,0,0.08
петля,пояс,6,2,0,0,0,1,0,0,0,0,1,0,1,0.85
крыса,мышь,2,7,10,8,0,1,0,0,1,0,7,9,0,3.46
мотор,двигатель,9,9,8,10,9,10,10,10,10,3,8,10,10,8.92
автомобиль,такси,8,0,7,0,5,5,5,0,10,3,1,5,5,4.15
кот,лев,5,0,2,0,1,0,7,0,0,0,0,0,0,1.15
размер,величина,9,8,9,10,8,2,10,10,10,10,7,5,8,8.15
реальность,фантазия,0,0,0,0,0,0,0,0,0,3,0,0,0,0.23
дверь,ворота,9,0,9,0,0,8,9,0,0,1,0,0,5,3.15
кот,питомец,5,0,9,0,1,10,10,0,10,3,1,5,4,4.46
олово,алюминий,6,0,5,0,5,9,5,0,0,3,0,0,0,2.54
кость,челюсть,6,0,6,0,0,5,0,0,0,0,0,5,5,2.08
злак,пшеница,8,0,9,10,7,10,7,10,10,5,1,5,4,6.62
дом,ключ,0,0,3,0,0,0,5,0,0,0,0,0,0,0.62
кровь,плоть,7,0,9,0,0,0,0,0,0,0,0,0,0,1.23
дверь,коридор,3,0,1,0,0,0,5,0,0,0,0,0,0,0.69
Бог,дух,8,3,8,0,3,10,0,8,0,9,1,0,3,4.08
способность,компетенция,7,0,10,0,0,0,0,0,0,0,5,0,8,2.31
изобилие,множество,9,7,9,10,7,9,7,10,10,8,8,10,9,8.69
диван,стул,5,0,0,0,5,0,5,0,0,1,0,0,0,1.23
стена,кирпич,5,0,9,0,0,0,7,0,0,1,0,0,3,1.92
рожок,барабан,0,0,0,0,0,0,5,0,0,3,0,0,0,0.62
орган,печень,5,0,9,0,3,10,5,0,0,3,1,5,0,3.15
сила,мощь,10,4,9,10,4,0,10,10,10,8,6,10,10,7.77
фраза,слово,5,0,5,0,0,9,5,0,0,0,0,0,2,2.00
оркестр,парад,7,0,4,0,4,0,5,0,0,0,0,0,0,1.54
желудок,талия,0,0,0,0,0,0,0,0,0,0,0,0,0,0.00
туча,буря,7,0,8,0,1,0,5,0,10,0,0,0,0,2.38
радость,гордость,9,0,6,0,0,0,0,0,0,0,0,0,8,1.77
шум,грохот,9,4,10,0,6,8,10,10,10,10,7,5,10,7.62
дождь,изморось,7,5,9,10,5,7,10,10,10,3,6,5,8,7.31
пиво,напиток,7,0,9,0,1,7,8,0,10,1,1,5,3,4.00
мужчина,дядя,7,5,7,0,7,10,7,0,0,0,5,5,4,4.38
яблоко,сок,4,0,3,0,0,2,5,0,0,1,0,0,3,1.38
интеллект,логика,9,0,10,10,0,4,7,0,0,0,7,5,4,4.31
общение,язык,8,0,9,10,1,4,0,0,10,3,0,0,5,3.85
норка,мех,6,0,2,0,0,0,5,0,0,1,1,5,0,1.54
орава,толпа,10,3,0,10,3,0,10,10,10,10,7,10,10,7.15
берег,побережье,9,0,9,10,0,10,10,10,10,9,8,5,9,7.62
провод,шнур,8,8,10,10,8,8,10,10,0,10,9,5,7,7.92
птица,индейка,8,0,9,0,0,10,7,0,10,3,1,5,0,4.08
кровать,кроватка,8,10,10,10,10,10,10,10,10,9,5,5,10,9.00
компетенция,способность,8,0,10,0,0,0,0,0,0,0,5,0,10,2.54
облако,дымка,8,0,9,0,2,7,5,0,0,8,3,0,2,3.38
ужин,трапеза,10,5,9,0,5,9,10,10,10,9,1,10,6,7.23
пруток,клетка,1,0,0,0,0,0,0,0,0,0,0,0,0,0.08
вода,соль,0,0,0,0,0,0,0,0,0,0,0,0,0,0.00
чувство,интуиция,8,0,10,10,0,0,10,10,10,9,8,5,9,6.85
ситуация,состояние,8,0,8,0,0,0,0,0,0,8,2,0,8,2.62
преступлениe,кража,8,0,9,10,0,10,9,0,0,5,1,5,8,5.00
стиль,мода,8,7,10,10,7,6,10,0,10,9,7,5,10,7.62
рубеж,граница,9,9,10,10,9,10,10,10,10,10,10,10,10,9.77
рука,тело,3,0,6,0,0,0,5,0,0,1,0,0,0,1.15
судно,автомобиль,0,0,0,0,1,1,3,0,3,1,0,0,2,0.85
бутерброд,обед,5,0,6,1,2,0,3,0,7,2,0,1,1,2.15
невеста,принцесса,0,0,1,0,5,0,7,0,1,5,0,0,0,1.46
героиня,герой,10,10,1,7,5,9,4,10,8,10,0,5,6,6.54
автомобиль,датчик,0,6,0,0,1,0,5,0,2,7,0,0,0,1.62
насекомое,пчела,10,8,6,5,5,1,8,10,8,9,4,3,7,6.46
кроватка,колыбель,8,9,8,3,9,8,8,10,8,10,8,5,6,7.69
животное,человек,0,10,5,0,3,0,2,0,1,5,0,0,7,2.54
марихуана,трава,10,9,8,1,1,5,10,10,8,3,5,1,5,5.85
койка,больница,4,0,1,1,2,1,6,5,5,6,0,0,0,2.38
щека,язык,2,6,0,1,2,1,4,5,5,6,0,3,0,2.69
диск,компьютер,0,0,5,1,1,0,7,5,4,5,0,3,2,2.54
изгиб,угол,8,6,2,1,4,5,7,5,7,6,5,5,0,4.69
трава,мох,8,4,7,1,4,3,6,9,5,7,3,3,5,5.00
факультет,юриспруденция,0,0,4,1,5,0,5,0,2,7,0,1,0,1.92
ступня,голова,0,0,0,0,2,0,1,0,5,8,0,0,2,1.38
мать,опекунша,0,4,5,0,5,4,10,7,6,4,0,5,0,3.85
ортодонт,дантист,0,5,8,3,8,6,9,8,7,10,6,10,9,6.85
алкоголь,виски,10,6,6,1,5,1,9,10,8,9,7,3,7,6.31
рот,зуб,5,2,0,1,2,0,6,10,5,7,0,3,0,3.15
завтрак,бекон,5,2,0,2,3,0,6,0,5,8,0,0,0,2.38
ванная,спальня,5,4,1,0,1,0,0,0,1,1,0,1,0,1.08
тарелка,миска,10,9,9,4,8,9,6,10,9,10,5,10,9,8.31
мясо,бекон,10,7,6,1,6,1,6,10,8,10,5,3,5,6.00
воздух,гелий,0,0,1,1,1,5,2,5,5,4,0,0,0,1.85
работник,работодатель,0,0,0,0,0,0,3,5,5,3,0,5,2,1.77
тело,грудь,8,4,0,0,2,1,7,5,7,8,0,0,5,3.62
сын,отец,0,0,0,1,0,0,4,0,7,6,0,1,0,1.46
сердце,операция,0,0,0,0,1,0,5,0,1,6,0,0,0,1.00
женщина,секретарь,0,0,5,0,1,2,7,0,2,3,0,0,0,1.54
мужчина,отец,5,7,6,1,4,3,9,10,7,5,3,0,6,5.08
пляж,остров,5,8,1,3,6,4,7,10,3,8,0,1,2,4.46
история,тема,0,0,7,1,2,0,2,5,0,7,0,0,0,1.85
игра,веселье,8,1,6,0,5,5,9,9,7,8,0,5,5,5.23
выходной,неделя,4,0,4,0,1,1,4,8,7,5,0,1,3,2.92
чета,пара,10,0,10,7,8,8,7,10,9,9,8,10,9,8.08
женщина,жена,5,1,5,1,6,1,10,5,7,9,5,5,0,4.62
овца,скот,10,7,7,0,4,6,7,10,8,6,6,5,3,6.08
сумочка,сумка,10,10,10,7,8,10,10,10,10,10,7,10,10,9.38
потолок,собор,0,0,0,0,1,0,0,0,0,0,0,0,0,0.08
боб,кофе,5,0,4,1,0,4,7,7,5,1,0,0,2,2.77
дерево,бумага,0,6,7,0,1,1,7,0,4,7,0,1,3,2.85
верх,бок,0,4,0,0,1,0,3,0,7,4,0,0,0,1.46
преступление,мошенничество,5,4,7,3,5,3,6,7,8,10,4,5,7,5.69
боль,вред,0,0,4,0,6,3,6,0,5,1,0,0,3,2.15
возлюбленный,спутник,5,9,6,0,5,6,6,4,6,4,7,0,0,4.46
вечер,сумерки,10,7,7,6,6,6,5,6,7,7,8,10,9,7.23
отец,дочь,0,0,0,0,0,0,3,5,7,5,0,5,0,1.92
вино,спиртное,10,7,7,1,5,2,7,10,9,9,5,5,7,6.46
корова,коза,0,8,0,0,2,0,3,5,5,3,0,1,1,2.15
верование,мнение,0,6,0,0,6,0,1,0,0,0,0,2,2,1.31
реальность,иллюзия,0,1,0,0,0,0,0,0,0,0,0,1,0,0.15
пакт,соглашение,10,7,8,8,9,9,10,5,9,10,10,7,9,8.54
богатство,бедность,0,1,0,0,0,1,0,0,0,0,0,1,0,0.23
происшествие,авария,1,7,6,0,8,7,4,1,0,10,7,7,6,4.92
битва,завоевание,0,8,4,6,9,1,4,3,7,0,0,8,3,4.08
друг,наставник,5,8,1,0,2,0,6,0,0,5,0,8,4,3.00
болезнь,инфекция,10,6,7,9,8,4,9,1,8,10,3,6,6,6.69
игра,сноровка,0,1,0,0,0,1,2,0,0,2,0,1,0,0.54
брат,сын,0,6,0,0,0,0,0,0,0,0,0,6,0,0.92
тетя,племянник,0,7,2,0,2,0,0,0,0,0,0,7,0,1.38
работник,механик,1,6,7,0,1,0,7,0,3,0,0,6,2,2.54
врач,ортодонт,0,6,6,0,0,6,7,0,6,10,0,6,3,3.85
дуб,клен,10,7,6,0,3,0,3,0,0,2,0,7,0,2.92
пчела,матка,5,2,8,0,1,0,4,5,0,5,1,2,3,2.77
автомобиль,велосипед,0,6,0,0,1,0,0,0,0,5,0,6,0,1.38
цель,поиск,0,0,0,0,2,0,1,0,0,5,0,0,0,0.62
август,месяц,0,3,6,0,5,0,7,0,0,10,0,3,3,2.85
армия,отряд,3,5,7,5,5,6,3,0,2,5,0,5,3,3.77
облако,погода,2,8,4,0,1,0,4,0,0,5,0,8,0,2.46
терапевт,врач,8,7,3,0,1,6,9,0,9,10,1,7,7,5.23
ущелье,долина,7,5,2,0,8,0,0,0,0,0,10,5,0,2.85
река,долина,0,1,0,0,0,0,1,0,0,0,0,1,0,0.23
солнце,небо,0,5,5,0,0,0,2,0,0,3,0,7,0,1.69
мишень,стрела,0,5,5,0,1,0,2,0,0,0,0,1,0,1.08
шоколад,пирог,0,10,10,0,0,0,1,0,0,0,0,2,0,1.77
обстоятельство,ситуация,5,6,6,7,10,9,6,1,9,10,1,7,0,5.92
мнение,выбор,7,0,0,0,1,0,4,0,0,5,0,6,0,1.77
ритм,мелодия,10,5,5,5,7,6,7,0,4,10,1,2,3,5.00
мужество,хладнокровие,1,0,0,0,3,7,8,0,0,0,3,7,4,2.54
день,рассвет,0,7,7,0,0,0,2,0,0,0,0,1,3,1.54
скот,бык,0,8,8,0,8,6,9,0,7,10,0,7,5,5.23
доктор,профессор,5,9,9,0,8,3,6,0,0,5,1,7,5,4.46
рука,вена,0,3,3,0,0,0,1,0,0,3,0,1,3,1.08
комната,ванна,0,0,0,0,0,0,2,0,0,5,0,2,2,0.85
корпорация,предприятие,8,10,10,8,8,9,9,3,8,10,9,8,8,8.31
развлечение,футбол,0,5,5,0,1,1,4,0,0,1,0,3,2,1.69
холм,утес,9,9,9,0,5,1,3,0,0,0,1,7,2,3.54
кость,лодыжка,2,5,5,0,3,1,0,0,0,5,0,6,0,2.08
яблоко,сладость,0,6,6,0,0,1,2,0,0,0,0,2,3,1.54
помощница,служанка,5,10,10,5,5,8,3,1,7,10,1,7,6,6.00
глава,руководитель,10,10,10,10,9,9,9,1,10,10,7,8,9,8.62
лимон,чай,0,0,0,0,0,0,2,0,0,0,0,1,0,0.23
пчела,муравей,0,0,0,0,1,0,0,0,0,1,0,6,0,0.62
баскетбол,бейсбол,0,0,0,0,1,0,3,0,0,5,0,7,0,1.23
рис,боб,0,4,0,0,1,1,1,0,0,0,0,4,3,1.08
кровать,мебель,5,4,10,0,1,1,6,0,0,5,0,4,4,3.08
эмоция,страсть,1,4,8,0,1,6,6,0,2,10,1,4,7,3.85
анархия,хаос,10,8,10,5,7,10,9,5,8,10,8,8,0,7.54
преступление,нарушение,9,8,7,8,6,5,7,1,6,10,1,8,5,6.23
механизм,двигатель,10,9,1,2,9,5,10,0,1,1,6,3,9,5.08
пляж,море,0,10,0,1,2,6,0,2,4,0,7,3,10,3.46
дорожка,шар,0,0,0,0,0,0,0,0,0,0,0,0,0,0.00
банка,бутылка,0,10,0,1,8,5,0,0,3,1,2,2,10,3.23
сила,способность,0,8,1,1,3,1,0,0,0,8,1,0,8,2.38
зерно,горчица,5,1,1,2,1,0,0,0,1,0,3,3,1,1.38
гитара,барабан,0,2,0,3,0,0,0,0,0,0,4,0,2,0.85
мнение,идея,2,0,8,7,0,4,5,0,1,6,5,1,0,3.00
север,запад,0,0,0,0,0,0,0,0,0,0,4,2,0,0.46
диета,салат,0,9,0,0,10,4,1,0,0,0,3,1,9,2.85
мать,жена,0,6,1,0,3,0,0,0,0,0,6,4,6,2.00
отец,мать,0,6,0,1,1,0,0,0,0,0,6,0,6,1.54
капитан,моряк,10,5,1,4,0,3,9,0,1,1,7,5,5,3.92
метр,ярд,10,6,8,3,6,8,1,0,1,1,7,6,6,4.85
пиво,шампанское,0,5,0,5,1,0,0,0,0,1,3,1,5,1.62
мотор,лодка,0,0,0,0,0,0,0,0,0,0,2,2,0,0.31
карта,бридж,5,0,0,5,2,0,0,0,0,1,0,3,0,1.23
наука,психология,8,0,0,6,3,5,0,0,0,1,7,5,0,2.69
грешник,святой,0,0,0,1,0,0,0,0,0,0,1,0,0,0.15
разрушение,построение,0,0,0,2,0,0,0,0,0,0,1,0,0,0.23
толпа,группа,10,10,1,7,10,3,8,5,3,2,8,6,10,6.38
пляж,риф,0,5,0,0,1,0,0,0,2,0,3,2,5,1.38
мужчина,ребенок,0,0,0,1,0,0,0,0,0,0,2,0,0,0.23
хлеб,сыр,0,0,0,2,0,0,0,0,0,0,3,0,0,0.38
чемпион,победитель,10,9,10,10,10,9,10,9,9,7,10,10,9,9.38
праздник,церемония,10,7,8,9,9,3,7,7,2,5,6,9,7,6.85
меню,заказ,10,5,0,2,2,7,0,0,1,1,5,5,5,3.31
король,принцесса,0,4,0,1,2,0,0,0,0,0,4,0,0,0.85
богатство,репутация,0,1,0,1,0,2,0,0,1,0,1,4,7,1.31
выносливость,сила,8,5,1,4,10,7,3,0,6,0,5,1,7,4.38
опасность,угроза,10,10,10,8,10,10,10,10,9,10,10,10,9,9.69
Бог,священник,0,3,1,4,7,0,0,0,0,0,3,6,4,2.15
мужчины,братство,0,3,2,0,1,0,0,0,0,0,3,5,8,1.69
приятель,спутник,7,7,9,2,1,1,0,3,5,5,7,5,10,4.77
наставник,помощник,4,3,0,0,2,4,7,0,3,3,3,6,10,3.46
тело,желудок,0,5,0,0,0,0,0,0,0,0,5,2,0,0.92
язык,горло,0,2,0,0,2,0,0,0,0,0,2,2,10,1.38
дом,ковер,0,3,0,1,0,0,0,0,0,0,3,0,4,0.85
ум,навык,8,5,2,0,4,1,0,0,1,2,5,2,7,2.85
путешествие,завование,0,2,0,1,4,0,0,0,0,0,2,0,0,0.69
Бог,жертва,0,0,0,2,2,0,0,0,0,0,2,0,0,0.46
брат,человек,0,6,1,1,2,2,0,0,0,0,2,0,6,1.54
соперник,противник,10,7,9,10,10,10,10,7,10,8,10,10,7,9.08
смерть,бедствие,0,0,0,5,8,3,1,0,0,1,3,4,0,1.92
чудовище,демон,10,6,10,4,10,10,9,3,3,5,7,6,6,6.85
день,утро,0,1,0,1,3,0,0,0,0,0,3,1,1,0.77
человек,победитель,0,0,0,2,0,1,0,0,0,0,3,0,0,0.46
друг,парень,0,0,1,2,1,0,0,0,1,1,5,2,0,1.00
песня,история,0,7,0,0,2,6,0,0,0,0,0,1,7,1.77
луч,солнце,5,8,7,0,6,3,0,0,0,0,6,3,8,3.54
парень,бабник,1,0,3,0,5,8,0,0,5,3,0,0,5,2.31
курятина,рис,0,0,1,0,2,0,1,0,1,0,0,0,0,0.38
коробка,лифт,4,4,2,1,4,5,0,0,3,0,0,0,0,1.77
масло,картофель,0,0,2,0,4,0,1,0,2,0,0,1,0,0.77
квартира,мебель,1,2,3,1,2,5,2,0,5,0,0,1,0,1.69
озеро,болото,5,2,3,1,7,6,4,2,4,0,0,3,6,3.31
салат,уксус,2,3,0,1,1,3,1,0,5,0,0,1,0,1.31
цветок,луковица,5,2,1,1,6,5,4,0,6,0,0,0,0,2.31
облако,мгла,4,2,1,5,0,7,4,3,4,3,3,0,1,2.85
водитель,пилот,6,7,2,8,8,9,5,5,7,8,7,9,5,6.62
сахар,мед,2,2,2,2,9,3,6,1,6,2,0,0,0,2.69
тело,плечо,3,1,0,0,1,0,2,2,5,1,0,1,4,1.54
идея,образ,7,8,9,4,8,9,6,0,5,7,2,0,9,5.69
отец,брат,0,1,0,0,1,0,3,0,4,0,0,0,0,0.69
луна,планета,9,10,3,1,3,0,6,2,8,9,0,3,6,4.62
бал,костюм,2,1,3,0,3,5,3,0,6,2,0,0,0,1.92
ограда,забор,9,10,9,9,10,10,10,10,9,8,10,10,10,9.54
комната,кровать,3,0,2,1,2,0,4,0,3,0,0,0,0,1.15
цветок,куст,5,1,5,1,3,8,1,0,5,3,0,7,0,3.00
кость,колено,2,4,2,0,5,5,5,0,3,6,2,0,1,2.69
рука,колено,0,3,0,0,0,0,3,0,0,0,0,0,0,0.46
низ,бок,1,3,0,1,0,0,1,0,0,0,0,0,0,0.46
сосуд,вена,2,2,4,8,9,9,7,5,7,7,10,10,8,6.77
кот,кролик,0,0,1,1,2,0,1,0,0,0,0,1,0,0.46
мясо,бутерброд,3,4,2,0,5,5,1,0,4,2,0,1,0,2.08
верование,представление,4,8,1,2,8,10,6,0,3,2,8,1,7,4.62
ум,проницательность,6,10,5,7,7,8,7,5,7,7,3,0,8,6.15
внимание,интерес,8,10,5,7,6,10,6,4,6,6,5,10,9,7.08
настрой,уверенность,2,9,3,1,9,8,3,3,6,4,0,5,8,4.69
право,правосудие,6,10,4,4,7,3,6,2,6,4,1,4,7,4.92
спор,соглашение,1,0,0,0,3,7,2,0,2,0,1,1,0,1.31
глубина,величина,5,9,0,1,5,8,4,2,1,6,0,0,0,3.15
носитель,новость,1,0,1,0,5,2,1,0,3,0,0,0,0,1.00
победитель,кандидат,2,0,5,1,3,5,3,0,4,0,0,2,0,1.92
юбилей ,дата,7,10,3,8,8,9,6,5,7,7,1,8,7,6.62
гонорар,платеж,9,10,4,8,6,9,8,9,8,7,9,10,7,8.00
Библия,псалом,7,9,6,7,8,7,7,2,5,1,1,10,2,5.54
выход,проход,5,3,2,5,6,9,3,4,6,7,2,0,7,4.54
человек,охранник,1,3,4,0,7,5,2,0,4,3,0,1,0,2.31
проход,коридор,8,10,10,9,9,10,4,7,7,8,10,10,9,8.54
виски,джин,6,7,4,0,8,9,7,2,5,8,0,10,8,5.69
кровь,мозг,1,3,0,2,3,0,1,0,5,0,0,1,0,1.23
масло,норка,2,0,0,1,1,0,1,0,3,0,0,0,0,0.62
пол,палуба,6,10,5,2,9,8,8,5,4,8,0,10,6,6.23
крыша,пол,0,0,0,0,1,0,0,0,2,0,0,0,0,0.23
дверь,пол,1,0,1,0,1,0,0,0,1,0,0,0,0,0.31
плечо,голова,1,0,1,1,1,0,0,0,2,0,0,1,0,0.54
платформа,вагон,7,1,3,6,7,0,5,1,4,0,0,0,0,2.62
автомобиль,карета,5,8,0,1,6,7,6,1,5,0,0,0,0,3.00
локоть,лодыжка,0,3,0,2,2,0,0,0,2,0,0,0,0,0.69
богатство,слава,0,10,7,1,0,0,6,3,0,8,0,0,7,3.23
печаль,стыд,2,7,9,1,0,0,0,2,0,4,0,0,1,2.00
руководство,управление,7,8,9,10,10,10,9,10,7,9,8,9,7,8.69
общение,беседа,6,10,10,8,9,9,10,10,7,10,9,9,8,8.85
загрязнение,атмосфера,0,5,7,0,0,0,0,6,0,4,1,0,2,1.92
анатомия,биология,2,5,8,2,1,2,9,2,1,6,4,8,7,4.38
колледж,профессия,0,6,6,0,0,0,1,8,0,6,0,0,7,2.62
книга,тема,0,4,6,0,0,0,2,6,0,5,0,0,3,2.00
формула,уравнение,6,9,8,6,5,4,6,8,6,7,9,8,9,7.00
книга,информация,2,8,9,1,2,0,7,9,3,7,7,6,8,5.31
мальчик,партнер,0,0,2,0,0,0,0,3,0,6,0,0,2,1.00
небо,вселенная,2,2,8,2,1,5,2,7,1,7,0,6,6,3.77
население,народ,7,10,10,9,10,8,6,10,7,10,9,8,8,8.62
колледж,класс,2,4,8,0,0,0,1,5,0,3,0,0,8,2.38
глава,мэр,5,5,9,9,8,8,10,10,1,8,9,8,2,7.08
раввин,священник,5,1,10,7,8,6,8,10,4,9,10,10,8,7.38
метр,дюйм,2,3,9,1,1,0,0,0,0,7,2,0,9,2.62
полиэстер,хлопок,0,2,3,0,0,0,0,0,0,8,0,6,6,1.92
юрист,банкир,0,3,0,0,0,0,0,2,0,5,0,0,5,1.15
скрипка,инструмент,3,6,7,2,5,0,3,8,3,7,7,0,7,4.46
лагерь,домик,0,4,4,0,0,0,1,5,0,5,0,0,6,1.92
кастрюля,прибор,0,2,6,0,0,0,7,0,0,8,0,0,3,2.00
лен,ткань,2,5,7,3,0,0,2,9,1,7,2,0,7,3.46
виски,шампанское,2,5,4,2,1,0,0,3,0,6,4,0,3,2.31
девочка,ребенок,3,8,7,1,5,5,4,2,0,8,3,8,7,4.69
коттедж,домик,7,4,10,4,8,7,8,8,4,9,10,9,8,7.38
птица,курица,3,4,8,1,5,2,8,10,2,9,5,6,8,5.46
грохот,шум,6,9,9,8,10,8,7,10,2,9,9,9,7,7.92
закат,вечер,3,7,8,6,9,3,3,8,0,6,3,7,8,5.46
морось,дождь,5,10,9,8,9,7,8,8,3,8,9,10,7,7.77
взрослый,младенец,0,0,1,0,0,0,0,0,0,0,0,0,3,0.31
рашкуль,уголь,0,2,7,0,1,0,0,5,0,1,0,0,2,1.38
тело,позвоночник,2,7,10,0,0,0,4,8,0,6,1,0,6,3.38
шляпка,гвоздь,0,0,0,0,2,0,0,2,0,1,0,0,6,0.85
бревно,древесина,2,8,9,4,8,6,7,10,0,9,7,8,7,6.54
ложка,чашка,0,3,6,0,0,0,0,2,0,6,0,0,3,1.54
тело,нерв,2,5,7,0,0,0,0,1,0,6,1,0,4,2.00
мужчина,муж,1,3,9,2,9,6,6,5,5,7,8,6,6,5.62
кость,шея,0,3,8,0,0,0,0,2,0,8,0,5,2,2.15
досада,злость,2,10,8,7,5,7,2,5,0,9,5,7,7,5.69
река,море,0,3,8,1,0,0,0,6,0,5,0,8,3,2.62
задача,работа,5,7,7,3,8,9,4,9,5,9,9,10,5,6.92
клуб,общество,4,9,9,8,2,6,6,10,2,8,6,9,8,6.69
отражение,образ,2,7,8,1,9,8,8,7,3,7,8,7,7,6.31
принц,король,1,6,9,3,2,0,6,9,1,7,5,8,9,5.08
снег,погода,1,5,9,2,0,0,1,6,0,8,1,0,7,3.08
электорат,партия,0,0,8,0,0,0,0,1,0,4,0,8,6,2.08
мальчик,брат,0,6,8,1,1,0,0,5,0,7,1,0,4,2.54
корень,трава,0,6,8,0,0,0,0,2,0,7,1,8,6,2.92
бровь,глаз,0,3,9,0,0,0,0,2,0,7,2,0,6,2.23
деньги,жемчуг,2,5,1,2,6,6,5,5,0,0,1,5,2,3.08
деньги,бриллиант,1,7,4,2,7,6,8,10,0,0,2,5,1,4.08
автотранспорт,автобус,9,10,8,8,10,8,9,7,8,9,5,7,10,8.31
таксомотор,автобус,1,7,3,7,10,6,8,6,5,0,5,3,6,5.15
дом,амбар,1,5,2,2,2,6,2,5,0,1,5,5,4,3.08
палец,ладонь,1,4,2,1,1,2,8,9,0,0,5,6,2,3.15
автомобиль,мост,0,0,0,0,2,2,2,7,0,0,0,1,1,1.15
усилие,трудность,5,7,1,4,9,8,7,9,0,0,2,2,3,4.38
факт,суть,9,7,5,8,10,8,5,8,7,5,0,7,9,6.77
работа,управление,5,9,4,1,2,7,6,7,0,4,5,5,3,4.46
рак,болезнь,9,10,7,4,10,9,9,10,5,7,5,6,7,7.54
известие,газета,5,7,4,2,9,8,7,9,2,0,7,6,2,5.23
композитор,писатель,0,9,6,2,10,3,2,8,0,9,0,4,6,4.54
актер,певец,9,8,6,3,9,6,5,6,5,5,5,5,1,5.62
убежище,хижина,8,8,6,3,9,7,6,8,8,9,8,6,7,7.15
ванная,кухня,0,2,6,0,9,1,1,4,0,0,2,2,0,2.08
домик,хижина,9,9,6,6,10,9,9,7,9,9,10,7,9,8.38
дверь,кухня,1,3,2,0,1,2,1,4,0,0,0,2,0,1.23
ценность,вера,4,1,0,1,1,6,4,4,0,0,2,2,4,2.23
мудрость,ум,9,10,9,8,9,8,8,2,8,9,10,9,8,8.23
невежество,ум,1,0,5,0,10,0,0,3,0,0,0,3,0,1.69
счастье,удача,10,5,8,8,8,8,10,9,9,1,10,6,9,7.77
идея,план,8,3,7,9,10,7,7,7,8,0,5,8,6,6.54
настроение,эмоция,7,9,6,6,8,7,7,8,9,7,8,6,8,7.38
счастье,умиротворенность,8,5,6,5,8,8,9,6,7,8,3,4,3,6.15
отчаяние,бедствование,9,7,8,2,6,8,8,3,3,2,5,8,8,5.92
логика,арифметика,5,2,1,6,8,7,7,7,0,1,5,3,5,4.38
отрицание,признание,0,1,5,0,10,0,0,0,0,0,0,1,0,1.31
спор,критика,1,5,2,7,3,7,3,0,6,0,9,4,4,3.92
агрессивность,враждебность,9,10,7,9,10,7,10,10,9,9,10,8,10,9.08
истерика,помрачение,9,7,7,4,1,6,6,6,0,8,1,4,3,4.77
химия,теория,5,4,1,1,7,7,2,3,0,0,0,2,2,2.62
разбирательство,вердикт,1,3,6,4,1,7,2,2,0,0,1,6,1,2.62
комфорт,безопасность,6,5,7,6,8,7,6,7,7,0,10,5,8,6.31
уверенность,самость,6,5,2,6,9,7,5,8,7,5,5,6,7,6.00
видение,восприятие,8,9,7,7,9,8,7,3,9,8,8,6,10,7.62
эпоха,десятилетие,0,9,6,3,10,4,2,3,0,0,8,4,7,4.31
биография,роман,2,5,1,2,7,6,6,0,0,1,2,5,1,2.92
дискуссия,спор,9,8,8,8,10,8,10,7,10,10,10,9,6,8.69
код,символ,7,9,7,4,9,7,9,7,3,0,5,7,5,6.08
опасность,болезнь,5,6,6,3,8,6,6,7,0,6,8,1,3,5.00
авария,бедствие,9,9,2,3,9,8,8,10,0,3,8,4,7,6.15
путешествие,поездка,9,9,7,9,10,8,9,5,8,8,10,8,8,8.31
действие,движение,8,10,3,6,9,8,8,6,6,5,10,6,7,7.08
сплетня,новость,0,5,7,4,3,7,9,6,0,5,3,7,7,4.85
отец,Бог,9,5,1,2,9,3,8,6,0,9,5,6,1,4.92
действие,курс,8,4,0,2,0,6,5,2,0,0,5,6,2,3.08
жар,болезнь,10,10,3,5,9,8,8,8,6,1,3,5,6,6.31
авиация,полет,9,9,7,7,10,9,9,10,0,1,5,5,7,6.77
игра,действие,7,9,1,4,8,6,4,5,0,0,8,6,2,4.62
молекула,воздух,8,0,7,3,8,8,0,0,4,0,7,2,2,3.77
дом,государство,6,0,3,5,1,3,0,6,5,0,2,1,3,2.69
слово,литература,4,0,3,7,6,5,0,0,7,0,3,4,4,3.31
взрослый,опекун,5,0,10,9,5,9,0,8,8,1,3,5,7,5.38
газета,информация,10,0,0,9,8,8,0,0,8,9,7,6,7,5.54
коммуникация,телевидение,8,0,10,9,10,5,0,7,9,7,8,5,8,6.62
кузен,дядя,7,2,0,5,3,9,1,5,7,8,5,4,6,4.77
писатель,читатель,5,0,0,0,0,1,0,0,6,0,9,2,2,1.92
парень,товарищ,7,0,5,6,6,5,1,6,5,0,8,6,7,4.77
область,угол,2,0,0,10,1,4,0,0,3,0,1,2,2,1.92
баллада,песня,10,2,8,10,5,9,9,5,7,0,3,7,8,6.38
стена,отделка,0,0,0,8,5,7,1,0,3,0,2,5,6,2.85
слово,страница,3,0,0,1,4,4,0,0,4,0,5,4,3,2.15
медбрат,ученый,4,0,0,3,5,4,0,0,5,0,0,2,3,2.00
политик,президент,9,0,7,10,10,10,8,4,9,3,10,7,10,7.46
президент,мэр,4,3,0,6,5,10,0,0,6,1,6,6,4,3.92
книга,эссе,7,0,4,8,1,7,1,0,7,0,6,4,4,3.77
мужчина,воин,5,0,10,10,8,7,1,5,9,0,9,5,8,5.92
статья,журнал,7,0,0,5,7,8,1,0,7,1,4,5,6,3.92
завтрак,ужин,2,3,0,3,0,5,0,0,6,0,4,1,2,2.00
толпа,парад,6,0,0,4,10,8,1,6,7,4,5,4,7,4.77
проход,коридор,8,5,8,10,5,10,9,10,7,7,6,6,8,7.62
наставник,раввин,4,0,0,4,4,7,9,5,7,2,7,6,6,4.69
бедро,губа,2,0,0,0,0,1,0,0,3,0,0,1,3,0.77
книга,статья,7,0,3,5,6,4,1,0,5,5,7,4,4,3.92
комната,камера,5,0,8,9,10,3,7,6,8,0,4,4,2,5.08
кабинка,будка,9,7,10,10,10,10,9,10,7,0,5,7,4,7.54
дочь,ребенок,9,3,10,9,10,9,7,4,7,10,6,8,8,7.69
конечность,нога,10,5,10,9,9,10,1,8,7,8,9,6,10,7.85
печень,легкое,1,2,0,3,2,3,1,0,5,0,1,5,5,2.15
класс,коридор,2,0,0,5,0,1,1,0,5,0,0,3,2,1.46
гора,выступ,5,0,5,3,8,9,1,4,1,0,8,4,6,4.15
автомобиль,подъемник,2,0,0,2,4,2,0,4,5,0,2,5,1,2.08
кровать,кушетка,8,5,3,10,10,9,9,10,7,6,9,8,10,8.00
одежда,пуговица,5,0,0,6,2,4,0,0,3,0,3,5,4,2.46
одежда,пальто,10,4,10,10,8,10,1,4,6,9,10,7,9,7.54
почка,орган,10,3,7,10,10,9,5,7,6,10,9,6,8,7.69
яблоко,повидло,5,0,0,9,6,0,1,0,6,0,5,3,6,3.15
курятина,стейк,6,0,7,10,0,7,1,0,6,0,3,6,6,4.00
автомобиль,шланг,5,0,3,1,2,2,0,0,5,0,5,1,4,2.15
табак,сигарета,10,3,7,10,8,9,6,0,9,10,8,7,8,7.31
учащийся,преподаватель,2,0,0,1,0,0,0,0,6,0,8,1,4,1.69
младенец,дочь,5,2,8,10,8,5,0,4,5,0,1,6,7,4.69
трубка,сигара,5,1,3,9,1,6,8,4,7,3,7,6,9,5.31
молоко,сок,3,0,0,0,0,4,0,0,5,0,0,6,6,1.85
пачка,сигара,2,0,0,5,1,5,0,0,6,0,5,2,4,2.31
квартира,гостиница,4,0,0,7,0,2,1,7,2,0,6,6,7,3.23
стакан,рожок,4,4,7,7,3,9,8,7,5,0,2,2,8,5.08
конь,бык,3,1,0,0,0,0,1,0,5,0,1,3,3,1.31
горло,нос,5,0,1,5,1,5,0,0,6,0,5,5,5,2.92
кость,зубы,4,1,1,1,0,5,6,2,0,0,4,0,3,2.08
кость,локоть,0,2,2,1,0,5,4,0,1,2,3,0,0,1.54
бекон,боб,0,1,2,0,1,0,0,0,0,0,0,0,0,0.31
чашка,кувшин,7,2,8,0,1,5,2,0,4,0,4,3,5,3.15
доказательство,факт,10,4,7,9,0,9,7,9,5,3,7,6,10,6.62
назначение,обязательство,3,4,6,6,1,5,7,2,5,0,1,4,7,3.92
юбилей,год,4,4,5,1,1,5,4,0,2,0,3,5,1,2.69
слово,ключ,0,3,3,1,0,1,3,0,0,0,2,0,0,1.00
автор,создатель,10,8,8,9,10,8,9,9,10,10,10,9,10,9.23
атом,углерод,0,3,3,1,1,6,5,0,1,0,1,0,3,1.85
архиепископ,епископ,8,2,4,3,5,9,6,4,5,8,8,8,8,6.00
письмо,абзац,2,0,4,1,2,5,3,0,2,0,2,0,0,1.62
страница,абзац,5,0,2,1,1,5,2,0,3,1,4,0,2,2.00
шпиль,часовня,6,3,5,1,0,5,4,0,2,0,1,0,0,2.08
мускул,кость,2,0,3,0,0,0,1,0,1,0,1,0,0,0.62
мускул,язык,0,1,3,1,1,6,2,0,0,0,5,0,3,1.69
мальчик,солдат,1,1,4,1,2,1,1,0,0,0,2,0,3,1.23
брюшко,живот,2,9,7,10,5,9,9,9,6,10,8,8,9,7.77
парень,девушка,0,0,3,0,1,0,0,0,0,0,0,0,0,0.31
кровать,стул,2,1,3,0,0,2,2,0,1,0,0,2,3,1.23
одежда,пиджак,8,2,4,1,3,6,5,7,2,0,5,2,7,4.00
ружье,нож,0,1,2,0,1,6,1,0,1,0,0,0,4,1.23
олово,металл,7,0,8,1,3,6,9,9,2,1,5,7,5,4.85
бутылка,контейнер,7,5,7,0,1,6,1,0,0,0,0,3,0,2.31
курица,индейка,3,4,5,1,2,6,3,0,3,6,1,7,5,3.54
мясо,хлеб,1,1,2,0,0,1,4,0,1,0,1,0,6,1.31
рука,кость,4,0,3,1,0,5,2,0,2,1,2,0,1,1.62
шея,позвоночник,4,0,2,0,2,3,7,2,2,0,4,2,6,2.62
яблоко,лимон,4,2,3,0,0,1,3,0,2,0,0,0,2,1.31
мука,горе,0,4,0,7,1,2,0,4,1,3,6,8,0,2.77
задание,задача,10,10,10,9,8,9,7,9,9,10,6,10,8,8.85
ночь,рассвет,2,0,4,0,1,0,0,0,3,0,0,1,3,1.08
ужин,суп,4,1,5,2,2,1,7,0,1,0,4,2,6,2.69
теленок,бык,7,4,8,1,3,6,9,0,6,3,8,6,9,5.38
снег,шторм,4,0,7,1,1,1,3,0,0,0,5,0,6,2.15
ноготь,кисть,4,0,1,1,0,2,1,0,1,0,1,0,0,0.85
собака,лошадь,0,1,2,0,0,1,3,0,1,0,0,0,0,0.62
рука,шея,1,0,0,0,1,1,3,0,0,0,2,0,0,0.62
мяч,перчатка,1,2,0,0,2,1,2,0,2,0,1,0,2,1.00
грипп,жар,4,2,5,4,2,6,7,0,4,3,3,0,8,3.69
гонорар,зарплата,9,9,10,9,9,9,9,8,9,8,7,9,9,8.77
нерв,мозг,0,2,4,1,2,5,4,2,2,0,5,3,7,2.85
зверь,животное,8,9,8,5,7,8,9,8,8,10,10,10,9,8.38
ужин,курятина,0,2,3,1,1,2,3,0,1,0,1,0,1,1.15
девочка,дева,7,4,6,5,7,6,3,4,6,3,7,8,9,5.77
ребенок,мальчик,6,6,6,2,3,7,8,8,5,2,5,6,6,5.38
алкоголь,вино,10,3,6,4,5,8,9,9,4,0,10,7,9,6.46
нос,рот,4,1,1,0,0,1,5,0,2,0,0,1,1,1.23
улица,автомобиль,0,0,0,0,1,1,2,0,2,0,2,0,0,0.62
звонок,дверь,4,3,2,1,1,2,2,0,1,0,1,0,0,1.31
коробка,шляпа,1,0,0,2,0,0,2,1,0,1,0,0,2,0.69
мнение,впечатление,4,0,6,7,8,9,7,5,2,6,3,7,4,5.23
предубеждение,мнение,7,0,6,8,2,5,7,3,7,6,5,6,2,4.92
внимание,осведомленность,6,0,0,5,0,5,2,3,2,6,3,3,2,2.85
злость,настроение,8,0,0,7,4,8,0,2,2,4,3,6,3,3.62
элегантность,стиль,10,1,8,8,0,9,9,7,5,9,5,6,7,6.46
красота,возраст,5,0,6,5,6,1,1,1,2,6,0,3,1,2.85
книга,тема,3,0,2,8,2,0,3,1,1,1,0,3,4,2.15
подруга,мать,5,0,4,1,6,0,0,2,2,5,0,3,3,2.38
витамин,железо,5,0,0,7,0,5,1,1,0,3,3,8,2,2.69
автомобиль,завод,5,1,0,6,0,0,1,1,2,1,0,4,2,1.77
пакт,условие,5,1,6,7,6,1,1,1,2,3,3,4,5,3.46
глава,выбор,2,0,0,1,0,0,1,1,1,1,0,1,3,0.85
арифметика,ритм,0,0,0,1,0,0,0,0,1,0,0,0,1,0.23
победитель,присутствие,2,0,0,1,0,0,1,0,1,1,0,0,0,0.46
вера,цветок,0,0,0,1,0,1,0,0,0,1,0,0,0,0.23
победитель,гол,5,0,6,6,7,8,0,3,3,5,0,6,3,4.00
трюк,размер,0,0,0,0,0,0,1,1,0,1,0,0,0,0.23
выбор,вена,1,0,0,0,0,0,0,1,0,0,0,0,0,0.15
псалом,завоевание,2,0,0,0,0,0,0,1,1,0,0,0,0,0.31
износоустойчивость,повязка,1,0,0,1,0,0,3,0,1,2,0,3,0,0.85
тюрьма,выбор,1,0,0,2,0,0,1,0,1,1,0,1,1,0.62
состояние,мальчик,5,0,0,0,0,1,0,1,1,1,0,1,1,0.85
цветок,выносливость,0,0,0,1,0,0,0,0,1,1,0,3,0,0.46
прореха,соглашение,0,0,0,0,0,0,0,0,0,0,0,0,0,0.00
врач,самообладание,1,1,0,6,0,0,0,6,5,5,0,4,1,2.23
братство,дверь,0,0,0,0,0,0,0,1,0,0,0,0,0,0.08
задача,женщина,2,0,0,1,0,0,0,1,0,0,0,0,2,0.46
братство,бейсбол,2,0,0,0,0,0,0,0,1,1,0,4,1,0.69
цент,размер,1,0,0,1,0,1,1,1,0,0,3,0,1,0.69
присутствие,дверь,0,0,2,0,4,1,0,0,1,0,0,2,2,0.92
мышь,управление,3,1,0,7,4,8,7,3,2,1,2,6,6,3.85
задача,автострада,1,0,0,0,0,0,0,1,1,1,0,0,0,0.31
спиртное,век,0,0,0,0,0,0,0,0,0,0,0,0,0,0.00
задача,пустяк,2,0,0,0,0,0,0,0,0,1,0,1,2,0.46
остров,задача,0,0,0,0,0,0,1,0,0,1,0,0,0,0.15
ночь,глава,0,0,0,0,0,0,2,1,0,0,0,0,0,0.23
загрязнение,президент,1,0,0,0,0,0,0,1,0,1,0,0,1,0.31
ружье,шалость,0,0,0,2,0,0,0,0,1,0,0,1,1,0.38
ванна,шалость,0,0,0,3,0,0,0,0,0,1,0,0,1,0.38
диета,яблоко,5,1,0,7,0,1,1,0,2,7,0,4,3,2.38
цент,жена,0,0,0,0,0,0,1,1,1,0,0,0,0,0.23
глава,конец,5,0,0,1,0,0,1,0,1,0,0,2,3,1.00
курс,желудок,0,0,0,0,0,0,0,0,0,0,0,0,0,0.00
псалом,солома,0,0,0,0,0,0,0,0,0,0,0,0,0,0.00
дантист,полковник,2,0,0,0,0,0,1,0,1,0,0,0,0,0.31
жена,солома,0,0,0,0,0,0,1,1,0,0,0,0,0,0.15
дыра,жена,0,0,0,0,0,0,0,0,1,0,0,0,1,0.15
ученик,президент,1,0,0,0,0,0,0,0,1,1,0,1,1,0.38
ванна,жена,0,0,0,3,0,0,0,0,0,0,0,0,1,0.31
народ,цент,0,0,0,0,0,1,1,0,0,0,0,0,0,0.15
формула,журнал,0,0,0,0,0,1,0,0,0,0,0,0,0,0.08
женщина,мех,1,0,0,0,0,1,1,0,0,0,0,3,0,0.46
яблоко,солнце,0,0,0,0,0,0,0,0,0,1,0,1,0,0.15
ружье,рассвет,0,0,0,0,0,1,0,0,0,0,0,0,0,0.08
трапеза,талия,1,0,1,0,0,1,5,0,0,0,0,3,0,0.85
фотоаппарат,президент,0,0,0,0,0,1,0,0,0,0,0,1,0,0.15
спиртное,группа,1,0,0,0,0,1,0,0,0,0,0,1,0,0.23
желудок,вена,0,0,0,0,0,1,3,0,0,0,0,1,0,0.38
ружье,мех,1,0,0,0,0,1,2,0,0,0,0,3,0,0.54
кушетка,бейсбол,0,0,0,0,0,1,1,0,0,0,0,1,0,0.23
работник,фотоаппарат,0,0,0,0,0,1,4,0,0,0,0,3,0,0.62
палуба,мышь,1,0,0,0,0,1,0,0,0,0,0,0,0,0.15
рис,мальчик,0,0,0,0,0,1,0,0,0,0,0,0,0,0.08
народ,ружье,0,0,0,0,0,0,0,0,0,0,0,1,0,0.08
край,конец,9,1,10,9,8,8,4,3,10,10,10,9,7,7.54
лодыжка,окно,0,0,0,0,0,0,0,0,0,0,0,0,0,0.00
принцесса,остров,0,0,0,0,0,0,0,0,0,0,0,0,0,0.00
контейнер,мышь,0,0,0,0,0,1,0,0,0,0,0,1,0,0.15
платформа,контейнер,2,1,0,0,0,1,1,0,0,0,0,2,0,0.54
народ,шар,0,0,0,0,0,0,0,0,0,0,0,1,0,0.08
доллар,народ,1,0,0,0,0,0,1,0,1,0,0,0,0,0.23
ванна,шар,1,0,0,0,0,0,1,0,0,0,0,0,0,0.15
желудок,спальня,0,0,0,0,0,0,0,0,0,0,0,0,0,0.00
велосипед,спальня,0,0,0,0,0,0,0,0,0,0,0,0,0,0.00
бревно,ванна,0,0,0,0,0,0,0,0,0,0,0,0,0,0.00
миска,хвост,0,0,0,0,0,0,1,0,0,0,0,1,0,0.15
идти,приходить,8,1,8,9,7,5,7,8,5,8,7,6,5,6.46
брать,красть,5,0,0,0,1,7,4,0,2,5,0,6,5,2.69
слушать,слышать,9,9,8,10,8,7,6,0,10,10,5,9,0,7.00
думать,обосновывать,9,1,8,2,9,5,5,1,5,3,5,5,7,5.00
случаться,происходить,10,9,10,10,9,9,10,9,10,10,10,10,7,9.46
пропадать,исчезать,9,9,10,10,8,9,10,9,10,10,10,10,7,9.31
умножать,делить,2,0,0,0,0,0,0,0,0,3,0,1,0,0.46
просить,умолять,10,1,10,10,9,8,8,8,9,10,9,9,5,8.15
начинать,происходить,7,1,7,2,0,6,5,0,10,3,1,6,5,4.08
защищать,отстаивать,9,9,10,10,10,8,8,9,10,10,7,8,7,8.85
убивать,уничтожать,10,1,8,10,10,9,9,7,5,10,9,8,7,7.92
создавать,делать,8,1,10,10,10,8,9,8,10,10,9,8,7,8.31
принимать,отвергать,5,0,0,0,0,0,0,0,0,4,0,0,0,0.69
игнорировать,избегать,10,1,10,6,8,8,9,6,10,8,9,9,7,7.77
нести,приносить,8,1,10,10,0,8,9,6,6,7,9,7,5,6.62
покидать,входить,5,0,1,0,0,1,0,0,0,0,0,2,0,0.69
выбирать,избирать,9,2,10,10,10,8,9,8,10,10,9,9,7,8.54
проигрывать,проваливать,3,1,7,8,6,1,9,0,9,0,0,0,7,3.92
подбодрять,отговаривать,4,0,0,0,0,0,0,0,0,0,0,1,0,0.38
достигать,завершать,8,1,6,7,7,5,8,7,8,10,4,8,7,6.62
делать,строить,4,1,8,8,6,7,9,7,7,6,7,6,7,6.38
слушать,подчиняться,5,2,7,0,9,1,6,7,10,8,9,1,0,5.00
информировать,сообщать,10,9,10,10,10,9,10,9,10,10,10,9,7,9.46
получать,давать,0,0,0,1,0,0,0,0,0,0,0,0,0,0.08
занимать,нищенствовать,3,7,1,1,3,0,2,1,10,3,1,0,2,2.62
брать,получать,6,9,2,1,0,9,4,7,0,0,5,5,5,4.08
советовать,рекомендовать,10,9,10,10,10,10,6,10,10,10,10,8,10,9.46
имитировать,изображать,4,8,9,8,10,9,7,10,0,8,10,7,8,7.54
побеждать,преуспевать,7,0,8,7,10,0,5,7,10,6,6,4,6,5.85
думать,решать,8,7,9,9,10,7,4,8,5,4,4,0,4,6.08
приветствовать,встречать,4,8,7,9,10,8,4,9,10,7,5,6,6,7.15
соглашаться,спорить,0,0,0,0,1,0,0,0,0,0,0,0,1,0.15
наслаждаться,развлекаться,4,7,8,8,10,8,5,2,10,8,5,7,5,6.69
разрушать,создавать,0,0,0,0,0,0,0,0,0,0,0,0,0,0.00
сохранять,защищать,6,8,8,9,10,8,3,8,10,6,5,3,5,6.85
давать,одалживать,6,8,9,8,10,7,0,8,10,7,4,5,7,6.85
понимать,знать,8,7,9,8,9,8,7,4,5,7,5,4,7,6.77
брать,получать,6,9,2,1,0,9,4,7,0,0,5,5,5,4.08
принимать,признавать,7,8,7,9,10,6,3,9,10,9,7,0,7,7.08
решать,выбирать,2,0,9,9,10,6,8,8,5,6,10,6,9,6.77
принимать,верить,4,0,1,1,9,0,1,3,8,4,1,0,1,2.54
хранить,владеть,5,0,8,9,10,8,2,1,10,7,2,5,2,5.31
странствовать,бродить,6,10,8,9,10,8,6,7,10,9,7,8,8,8.15
преуспевать,проваливать,0,0,0,0,0,0,0,0,0,0,0,0,0,0.00
тратить,копить,0,0,0,0,0,0,0,0,0,0,0,0,0,0.00
покидать,идти,2,0,5,0,9,0,2,2,0,4,1,0,1,2.00
приходить,посещать,9,9,7,8,10,9,6,9,10,7,3,6,9,7.85
знать,верить,3,0,1,0,9,0,2,5,0,5,5,0,5,2.69
собираться,встречаться,0,9,9,9,10,8,7,9,10,9,6,0,6,7.08
добывать,зарабатывать,9,0,8,9,10,7,7,6,8,9,5,4,4,6.62
забывать,игнорировать,1,7,8,6,10,8,3,0,10,4,1,5,8,5.46
умножать,складывать,0,0,5,8,9,0,1,1,10,4,0,0,0,2.92
сжиматься,расти,0,0,0,0,0,0,0,0,0,0,0,0,0,0.00
прибывать,покидать,0,0,0,0,0,0,0,0,0,0,0,0,0,0.00
преуспевать,пытаться,0,6,6,0,6,0,1,1,0,3,0,0,0,1.77
принимать,отвергать,0,0,0,0,0,0,0,0,0,0,0,0,0,0.00
прибывать,приходить,10,8,8,10,10,9,5,1,10,9,10,6,9,8.08
соответствовать,различаться,0,0,0,0,0,0,0,0,0,0,0,0,0,0.00
посылать,получать,0,0,0,1,0,0,0,0,0,0,0,0,1,0.15
выигрывать,доминировать,6,8,7,7,10,6,2,8,10,8,10,4,10,7.38
складывать,делить,0,0,0,1,1,0,0,0,0,0,0,0,0,0.15
убивать,душить,5,8,7,8,10,7,6,6,10,8,4,5,8,7.08
приобретать,получать,6,8,8,7,10,9,7,4,10,10,10,6,10,8.08
участвовать,присоединяться,2,8,7,7,9,8,6,2,10,8,5,7,5,6.46
покидать,оставаться,0,0,0,1,0,0,0,0,0,0,0,0,0,0.08
идти,входить,4,7,2,8,9,0,2,3,10,6,1,1,1,4.15
брать,нести,0,0,0,0,0,0,2,1,5,3,1,0,1,1.00
забывать,узнавать,0,0,0,0,0,0,0,0,0,0,0,0,0,0.00
назначать,избирать,8,0,7,9,0,0,1,0,0,8,2,0,2,2.85
обручаться,жениться,10,9,10,9,10,8,2,10,10,0,1,8,1,6.77
просить,молиться,4,8,5,8,9,6,5,2,5,5,6,2,6,5.46
идти,посылать,0,0,0,0,8,0,1,0,5,0,0,0,0,1.08
брать,доставлять,0,0,7,1,0,0,1,0,5,1,0,0,0,1.15
говорить,слышать,0,0,0,0,1,0,0,0,0,0,0,0,0,0.08
анализировать,оценивать,9,8,10,8,7,9,8,7,8,7,10,2,10,7.92
аргументировать,обосновывать,9,8,10,9,8,10,8,8,8,7,10,9,10,8.77
терять,сохранять,0,0,0,0,0,0,0,0,0,0,0,0,0,0.00
сравнивать,анализировать,7,0,0,9,6,5,7,5,7,7,9,3,5,5.38
разрушать,организовывать,0,0,0,0,0,0,0,0,0,0,0,0,0,0.00
идти,позволять,0,0,0,0,1,0,0,0,0,0,0,0,0,0.08
брать,завладевать,9,9,0,10,7,9,6,7,9,7,10,6,0,6.85
узнавать,слушать,8,0,0,3,2,1,0,0,0,7,0,0,0,1.62
разрушать,строить,0,0,0,0,0,0,0,0,0,0,0,0,0,0.00
создавать,строить,10,3,10,8,6,8,4,6,6,8,9,4,8,6.92
воровать,покупать,0,0,0,0,0,0,0,0,0,0,0,0,0,0.00
убивать,вешать,8,0,0,8,3,1,0,6,5,0,0,3,5,3.00
забывать,знать,0,0,0,0,0,0,0,0,0,0,0,0,0,0.00
создавать,представлять,1,0,0,0,1,0,0,0,0,0,0,0,0,0.15
действовать,происходить,9,7,0,10,1,8,2,5,0,0,4,6,0,4.00
побеждать,завершать,1,0,0,0,3,0,0,2,0,0,0,0,0,0.46
соглашаться,отказывать,0,0,0,0,0,0,0,0,0,0,0,0,0,0.00
заслуживать,зарабатывать,8,7,0,8,4,9,0,8,0,0,3,6,5,4.46
получать,назначать,1,0,0,0,1,1,0,0,0,0,0,0,0,0.23
обнаруживать,находить,10,8,10,10,7,10,6,8,10,8,10,8,10,8.85
появляться,посещать,8,5,0,9,5,6,0,8,5,7,7,2,0,4.77
знать,понимать,8,6,0,6,7,5,0,0,0,7,0,6,0,3.46
притворяться,воображать,3,0,0,0,2,10,0,5,0,0,0,3,0,1.77
удовлетворять,угождать,9,8,0,8,6,7,7,8,9,8,8,5,5,6.77
лелеять,хранить,0,5,0,7,4,8,3,7,5,0,2,3,5,3.77
спорить,различаться,7,4,0,0,1,1,0,6,0,0,0,0,0,1.46
побеждать,доминировать,8,6,0,8,2,5,6,8,0,7,7,6,5,5.23
слушаться,подчиняться,9,7,10,10,9,8,0,8,6,7,8,7,0,6.85
сотрудничать,участвовать,6,7,0,10,6,1,8,1,0,7,2,0,0,3.69
достигать,пытаться,7,0,0,0,2,0,0,0,0,7,8,0,0,1.85
проваливать,обескураживать,1,0,0,0,1,0,0,0,0,0,7,0,0,0.69
начинать,прекращать,0,0,0,0,0,0,0,0,0,0,0,0,0,0.00
высказываться,участвовать,7,0,0,0,2,2,6,0,0,7,0,0,0,1.85
приходить,приносить,1,0,0,0,1,1,0,0,0,0,0,0,0,0.23
провозглашать,объявлять,10,7,10,10,8,9,0,8,9,7,9,7,0,7.23
читать,понимать,1,0,0,0,2,1,0,0,0,0,0,0,0,0.31
забирать,оставлять,0,0,0,0,1,0,0,0,0,0,0,0,0,0.08
объявлять,провозглашать,9,7,10,10,7,9,6,8,10,8,9,7,10,8.46
приобретать,получать,10,7,0,10,5,3,5,8,9,8,3,5,7,6.15
завершать,решать,1,5,0,0,2,3,0,0,5,0,2,0,0,1.38
угождать,умолять,1,0,0,0,2,0,0,0,0,7,0,0,0,0.77
аргументировать,подтверждать,9,8,0,8,5,10,2,8,0,0,8,7,6,5.46
просить,умолять,10,8,10,9,7,8,6,8,9,7,8,7,5,7.85
находить,исчезать,0,0,0,0,0,0,0,0,0,0,0,0,0,0.00
осматривать,изучать,8,8,0,8,5,5,3,7,7,7,9,2,0,5.31
подтверждать,обосновывать,8,0,10,9,6,9,0,6,0,7,8,7,0,5.38
предполагать,предсказывать,9,8,0,9,7,10,4,8,10,7,4,2,8,6.62
изучать,оценивать,8,5,0,0,3,1,4,5,0,7,8,0,0,3.15
аргументировать,обосновывать,9,8,10,9,8,10,8,8,8,7,10,9,10,8.77
делать,становиться,4,2,2,1,7,2,0,9,6,2,4,7,0,3.54
открывать,происходить,5,4,7,0,1,1,0,9,0,2,2,2,0,2.54
достигать,преуспевать,8,5,10,5,5,5,7,10,10,7,7,8,9,7.38
давать,вкладывать,8,5,10,3,6,3,0,9,0,7,7,8,5,5.46
понимать,слушать,5,7,7,0,5,5,1,8,1,3,7,6,2,4.38
расширяться,расти,8,6,8,8,8,5,8,10,10,9,7,9,9,8.08
занимать,продавать,0,0,7,0,2,3,0,0,0,1,5,3,0,1.62
хранить,защищать,9,7,3,9,5,3,5,10,0,7,6,9,7,6.15
объяснять,доказывать,10,8,10,1,8,10,6,10,10,8,8,9,9,8.23
симулировать,притворяться,10,6,9,8,10,10,10,10,10,9,8,10,10,9.23
ладить,угождать,7,7,2,1,6,5,2,9,8,0,3,7,6,4.85
прощать,забывать,8,6,7,0,3,6,5,9,8,7,6,5,2,5.54
прояснять,объяснять,9,9,9,7,10,5,5,10,10,7,8,9,10,8.31
понимать,прощать,8,7,3,0,7,8,1,5,10,7,7,3,8,5.69
напоминать,забывать,0,1,10,0,0,10,0,0,9,1,5,0,0,2.77
достигать,оставаться,7,3,5,0,7,2,0,1,10,2,3,0,0,3.08
осознавать,обнаруживать,7,4,5,1,7,3,1,9,10,6,2,8,4,5.15
требовать,запрашивать,10,4,3,2,8,2,7,10,0,8,7,9,10,6.15
игнорировать,обращаться,0,2,4,0,1,8,0,0,0,0,5,0,0,1.54
думать,спрашивать,0,7,8,0,1,7,0,6,2,1,6,5,0,3.31
отвергать,избегать,7,5,10,2,1,3,0,10,10,7,7,8,6,5.85
спорить,убеждать,7,10,10,1,9,10,0,10,10,9,8,2,9,7.31
добиваться,убеждать,7,6,4,1,7,2,1,10,2,8,6,6,8,5.23
принимать,прощать,7,6,5,1,8,5,2,7,8,7,3,7,0,5.08
делать,прекращать,0,5,2,0,2,10,0,0,4,2,5,1,0,2.38
исследовать,изучать,10,9,9,9,8,5,8,10,10,7,8,10,10,8.69
обсуждать,объяснять,7,8,6,0,7,8,1,8,8,3,6,7,6,5.77
задолжать,одалживать,2,1,10,0,9,10,0,9,7,9,5,0,4,5.08
изучать,обнаруживать,8,7,8,2,8,4,0,9,0,7,7,9,9,6.00
жаловаться,ругаться,0,6,3,0,3,10,1,6,0,6,7,4,0,3.54
отодвигать,отвергать,10,6,9,2,0,2,7,4,0,7,3,8,0,4.46
держать,занимать,5,1,7,2,5,2,0,6,10,0,4,1,0,3.31
умолять,просить,8,7,6,9,9,4,9,10,6,9,8,10,10,8.08
устраивать,организовывать,9,8,2,8,9,10,0,10,7,9,7,10,10,7.62
уменьшаться,сжиматься,9,6,10,8,8,3,9,10,10,9,8,10,10,8.46
говорить,признавать,4,5,5,0,5,5,0,9,0,4,7,7,4,4.23
давать,занимать,9,7,10,3,1,10,8,10,7,7,5,5,0,6.31
убивать,защищать,0,0,0,0,5,10,0,0,0,0,5,0,0,1.54
исчезать,сжиматься,7,2,9,1,9,1,5,1,0,2,7,6,1,3.92
родить,носить,1,2,10,0,0,5,0,8,6,7,5,3,1,3.69
дышать,задыхаться,0,2,9,0,1,10,5,0,0,0,6,1,0,2.62
признавать,уведомлять,3,2,10,0,5,10,0,6,3,2,3,2,0,3.54
становиться,казаться,7,2,7,3,4,7,0,10,5,4,4,9,0,4.77
приворяться,казаться,7,5,7,1,7,2,0,10,0,3,6,10,6,4.92
завершать,становиться,8,5,1,0,7,2,0,5,7,3,5,8,0,3.92
размышлять,думать,9,7,10,10,9,9,9,10,10,10,7,9,10,9.15
определять,предсказывать,7,7,1,2,3,5,1,8,9,7,4,8,7,5.31
угождать,развлекать,7,6,2,3,8,10,1,8,6,6,7,7,0,5.46
оставаться,сохранять,7,1,3,0,2,1,5,7,0,2,6,6,0,3.08
притворяться,изображать,9,6,3,9,7,7,1,2,2,8,6,9,9,6.00
забывать,помнить,0,0,0,0,0,0,0,0,0,1,0,0,0,0.08
хотеть,выбирать,0,0,1,0,0,2,3,5,2,1,1,0,0,1.15
терять,получать,0,0,0,0,0,0,0,0,0,1,0,0,0,0.08
пытаться,думать,1,0,0,0,0,2,1,0,1,0,0,0,0,0.38
становиться,казаться,1,0,1,0,0,0,6,0,1,0,0,0,5,1.08
покидать,игнорировать,2,0,1,0,0,0,1,6,3,0,1,2,0,1.23
принимать,рекомендовать,0,0,0,0,0,1,1,0,1,1,2,0,0,0.46
покидать,странствовать,1,5,1,1,0,2,1,3,3,2,5,0,0,1.85
держать,давать,0,0,0,0,0,2,1,0,0,1,0,0,0,0.31
позволять,разрешать,10,8,10,10,10,9,9,10,7,9,10,10,10,9.38
приносить,посылать,0,0,0,0,0,2,1,1,1,3,0,0,0,0.62
поглощать,учиться,2,0,3,0,0,1,1,8,0,1,0,0,0,1.23
приобретать,находить,3,6,7,10,5,9,8,3,2,1,9,0,4,5.15
покидать,появляться,0,0,0,0,0,0,0,0,1,1,0,0,0,0.15
создавать,разрушать,0,0,0,0,0,0,0,0,0,0,0,0,0,0.00
начинать,идти,2,0,1,0,0,0,1,1,1,0,0,0,0,0.46
приобретать,покупать,9,8,9,9,10,10,8,8,5,8,10,10,6,8.46
коллекционировать,сохранять,4,7,2,5,5,8,4,8,6,5,10,9,0,5.62
заменять,восстанавливать,5,0,2,1,0,3,4,7,1,2,0,6,0,2.38
соединять,добавлять,2,5,1,9,10,4,6,7,1,2,0,10,3,4.62
объединяться,жениться,6,3,2,1,5,7,3,4,7,5,10,3,0,4.31
принимать,доставлять,0,0,0,0,0,0,0,0,0,1,0,0,0,0.08
вкладывать,соединять,0,0,3,0,0,3,4,3,2,3,0,7,0,1.92
класть,вешать,0,0,1,0,0,2,1,0,2,1,0,6,0,1.00
продаваться,продавать,9,8,2,1,5,4,5,0,2,9,10,0,0,4.23
общаться,молиться,5,2,2,0,0,5,0,8,2,3,1,3,0,2.38
давать,красть,0,0,0,0,0,0,0,0,0,0,0,0,0,0.00
добавлять,строить,2,0,1,0,0,1,2,2,1,1,0,0,0,0.77
приносить,восстанавливать,1,0,0,0,0,0,1,0,1,0,0,0,0,0.23
понимать,удовлетворять,1,0,0,1,0,5,5,0,1,1,9,0,0,1.77
представлять,решать,0,0,0,0,0,2,0,1,1,0,1,0,0,0.38
организовывать,становиться,2,0,1,1,0,4,5,2,1,2,0,0,0,1.38
давать,знать,0,0,0,0,0,4,0,2,0,0,0,0,0,0.46
говорить,подтверждать,1,3,1,1,0,4,6,4,2,2,10,4,0,2.92
сотрудничать,объединяться,3,7,4,9,5,7,6,6,5,8,10,9,4,6.38
устраивать,нуждаться,0,0,0,0,0,1,1,0,1,0,0,0,0,0.23
занимать,хотеть,0,0,0,0,0,2,1,0,1,1,0,0,0,0.38
изучать,заниматься,7,5,2,8,0,3,6,7,2,5,0,0,0,3.46
игнорировать,исследовать,0,0,0,0,0,0,1,0,0,0,0,0,0,0.08
приносить,жаловаться,0,0,0,0,0,0,0,0,1,0,0,0,0,0.08
входить,задолжать,0,0,0,0,0,0,1,0,0,0,0,0,0,0.08
изображать,уведомлять,1,0,0,1,0,1,0,0,0,0,0,4,0,0.54
напоминать,продавать,0,0,0,0,0,0,1,0,1,0,0,0,0,0.15
поглощать,иметь,1,5,0,0,0,2,2,0,2,1,10,2,0,1.92
объединяться,приобретать,1,2,0,0,0,2,2,7,2,0,10,0,0,2.00
посылать,посещать,0,0,0,0,0,0,0,0,0,0,0,0,0,0.00
собираться,посещать,0,0,0,0,0,2,0,2,2,1,1,0,0,0.62
поглощать,отделяться,0,0,0,0,0,0,1,0,0,1,1,0,0,0.23
посещать,прибывать,3,5,2,8,10,3,1,6,4,7,10,8,4,5.46
