Word1,Word2,1,2,3,4,5,6,7,8,9,10,11,12,13,Average Score
old,new,0,0,0,0,0,0,0,0,0,0,0,0,0,0.00
smart,intelligent,10,10,9,10,10,10,9,10,10,10,10,10,9,9.77
hard,difficult,10,9,7,10,10,10,10,10,10,10,10,10,10,9.69
happy,cheerful,9,9,8,10,8,10,9,10,10,10,10,8,10,9.31
hard,easy,0,0,0,0,0,0,0,0,0,0,0,0,0,0.00
fast,rapid,10,10,9,10,10,10,9,10,10,10,10,10,10,9.85
happy,glad,10,10,9,10,9,8,10,10,10,10,10,7,9,9.38
short,long,0,0,0,0,0,0,0,0,0,0,0,0,0,0.00
stupid,dumb,10,1,8,10,9,10,10,10,10,10,10,10,10,9.08
weird,strange,10,9,9,10,9,10,9,10,10,10,10,10,10,9.69
wide,narrow,0,0,0,0,0,0,0,0,0,0,0,0,0,0.00
bad,awful,10,9,8,10,9,10,9,10,9,10,10,9,9,9.38
easy,difficult,0,0,0,0,0,0,0,0,0,0,0,0,0,0.00
bad,terrible,10,9,8,10,9,10,10,10,10,10,10,9,8,9.46
hard,simple,0,0,0,0,0,0,0,0,0,0,0,0,0,0.00
smart,dumb,0,0,0,0,0,0,0,0,0,0,0,0,0,0.00
insane,crazy,9,9,9,10,9,10,9,10,10,10,10,10,10,9.62
happy,mad,0,0,0,0,0,0,0,0,0,0,0,0,0,0.00
large,huge,10,9,9,10,9,10,10,10,10,10,10,9,10,9.69
hard,tough,10,8,7,8,9,10,9,10,9,10,10,9,10,9.15
new,fresh,6,8,8,10,9,8,7,10,8,10,9,9,10,8.62
sharp,dull,0,0,0,0,0,0,0,0,0,0,0,0,0,0.00
quick,rapid,10,10,9,10,10,10,9,10,10,10,10,10,10,9.85
dumb,foolish,7,9,8,10,8,8,9,10,9,10,9,9,10,8.92
wonderful,terrific,10,10,8,10,10,10,9,10,10,10,10,8,10,9.62
strange,odd,10,10,9,10,9,10,9,10,8,10,10,10,10,9.62
happy,angry,0,0,0,0,0,0,0,0,0,0,0,0,0,0.00
narrow,broad,0,0,0,0,0,0,0,0,0,0,0,0,0,0.00
simple,easy,10,9,9,10,9,10,9,10,10,10,10,9,10,9.62
old,fresh,0,0,0,0,0,0,0,0,0,0,0,0,0,0.00
apparent,obvious,10,8,9,10,10,10,8,10,7,10,10,10,6,9.08
inexpensive,cheap,9,9,9,10,9,10,10,10,10,10,10,10,10,9.69
nice,generous,7,7,7,9,3,4,10,10,7,9,8,7,7,7.31
weird,normal,0,0,0,0,0,0,0,0,0,0,0,0,0,0.00
weird,odd,10,9,9,10,9,10,10,10,10,10,10,10,10,9.77
bad,immoral,8,5,5,9,5,10,8,10,7,10,10,7,7,7.77
sad,funny,0,0,0,0,0,0,0,0,0,0,0,0,0,0.00
wonderful,great,10,10,8,10,9,10,10,10,9,10,10,8,10,9.54
guilty,ashamed,5,9,7,8,1,7,7,10,8,8,10,9,6,7.31
beautiful,wonderful,6,4,5,8,3,8,6,10,10,9,8,8,8,7.15
confident,sure,8,10,9,10,10,10,9,10,6,10,10,10,10,9.38
dumb,dense,6,5,8,9,7,10,0,0,7,10,10,9,10,7.00
large,big,10,10,10,10,10,10,10,10,10,10,10,10,10,10.00
nice,cruel,0,0,0,0,0,0,0,0,0,0,0,0,0,0.00
impatient,anxious,7,9,7,10,3,8,9,10,8,10,8,9,9,8.23
big,broad,5,9,6,9,6,10,8,10,9,10,9,9,9,8.38
strong,proud,5,1,5,7,1,4,7,5,6,8,8,0,5,4.77
unnecessary,necessary,0,0,0,0,0,0,0,0,0,0,0,0,0,0.00
restless,young,0,0,0,0,0,0,2,0,3,0,0,0,0,0.38
dumb,intelligent,0,0,0,0,0,0,0,0,0,0,0,0,0,0.00
bad,great,0,0,0,0,0,0,0,0,0,0,0,0,0,0.00
difficult,simple,0,0,0,0,0,0,0,0,0,0,0,0,0,0.00
necessary,important,10,10,7,7,9,10,9,10,10,10,9,7,10,9.08
bad,terrific,0,0,0,0,0,0,0,0,0,0,0,0,0,0.00
mad,glad,0,0,0,0,0,0,0,0,0,0,0,0,0,0.00
honest,guilty,0,0,0,0,0,0,0,0,0,0,0,0,0,0.00
easy,tough,0,0,0,0,0,0,0,0,0,0,0,0,0,0.00
easy,flexible,7,0,0,10,6,5,7,0,7,0,0,2,4,3.69
certain,sure,10,10,9,10,9,10,10,10,10,10,9,9,10,9.69
essential,necessary,10,10,9,10,10,10,10,10,10,10,10,9,10,9.85
different,normal,0,0,0,0,0,0,0,0,0,0,0,0,0,0.00
sly,clever,6,7,9,10,9,10,9,8,10,8,7,7,8,8.31
crucial,important,10,10,9,9,10,10,9,10,9,10,10,9,10,9.62
harsh,cruel,6,7,8,10,8,10,9,8,9,9,8,9,9,8.46
childish,foolish,6,7,8,6,7,10,8,6,7,7,10,2,0,6.46
scarce,rare,10,8,9,10,10,10,10,10,10,9,10,9,10,9.62
friendly,generous,5,0,5,7,7,10,8,0,6,6,0,2,3,4.54
fragile,frigid,0,0,3,5,0,0,0,0,0,0,0,0,0,0.62
long,narrow,7,0,0,2,7,5,6,0,0,0,0,1,0,2.15
big,heavy,0,7,6,8,7,5,0,0,7,5,8,1,6,4.62
rough,frigid,0,0,0,0,0,0,0,0,0,0,0,1,0,0.08
bizarre,strange,10,10,9,10,10,10,9,9,10,10,10,9,10,9.69
illegal,immoral,8,7,3,0,8,5,9,7,6,2,1,3,2,4.69
bad,guilty,7,6,1,1,8,5,7,0,5,5,3,2,5,4.23
modern,ancient,0,0,0,0,0,0,0,0,0,0,0,0,0,0.00
new,ancient,0,0,0,0,0,0,0,0,0,0,0,0,0,0.00
dull,funny,0,0,0,0,0,0,0,0,0,0,0,0,0,0.00
happy,young,0,0,0,0,0,0,0,0,0,0,1,0,0,0.08
easy,big,0,0,0,0,0,0,0,0,0,0,0,0,0,0.00
great,awful,0,0,0,0,0,0,0,0,0,0,0,0,0,0.00
tiny,huge,0,0,0,0,0,0,0,0,0,0,0,0,0,0.00
polite,proper,7,7,7,9,9,10,9,8,9,9,9,2,8,7.92
modest,ashamed,0,3,0,9,0,10,2,0,0,0,0,1,0,1.92
exotic,rare,10,7,9,10,9,10,9,10,8,9,8,2,7,8.31
dumb,clever,0,0,0,0,0,0,0,0,0,0,0,0,0,0.00
delightful,wonderful,10,9,7,10,9,10,9,10,9,10,9,9,9,9.23
noticeable,obvious,10,8,8,10,9,10,9,10,9,9,9,9,9,9.15
afraid,anxious,5,8,6,9,2,10,7,7,10,9,2,8,7,6.92
formal,proper,7,9,8,10,9,10,9,9,10,9,8,2,5,8.08
dreary,dull,5,7,8,4,8,10,8,9,9,9,9,2,2,6.92
delightful,cheerful,10,7,9,10,9,10,9,6,9,9,10,8,4,8.46
unhappy,mad,10,4,0,8,7,10,6,8,10,5,7,2,6,6.38
sad,terrible,5,6,1,9,8,10,9,5,7,7,2,3,6,6.00
sick,crazy,0,5,3,5,8,0,0,0,0,4,2,1,3,2.38
violent,angry,7,6,3,9,8,10,7,0,7,7,0,7,6,5.92
laden,heavy,6,10,8,10,9,10,9,6,7,9,7,8,5,8.00
dirty,cheap,0,5,1,0,0,0,0,0,4,0,0,0,0,0.77
elastic,flexible,5,7,8,9,9,10,9,8,10,9,8,2,9,7.92
hard,dense,7,0,7,9,9,10,7,0,7,5,1,0,7,5.31
recent,new,8,6,9,9,9,10,9,6,9,10,9,8,8,8.46
bold,proud,1,3,0,1,0,0,0,0,0,0,4,8,0,1.31
sly,strange,1,0,0,2,0,0,0,0,0,0,0,0,2,0.38
strange,sly,0,0,0,2,0,0,0,0,0,0,0,0,0,0.15
dumb,rare,0,0,0,0,0,0,0,0,0,0,0,0,0,0.00
sly,tough,0,0,0,0,0,0,0,0,0,0,0,0,0,0.00
terrific,mad,0,0,0,0,0,0,0,0,0,0,0,0,0,0.00
modest,flexible,0,0,0,0,0,0,0,0,0,0,0,0,0,0.00
fresh,wide,0,0,0,0,0,0,0,0,0,0,0,0,0,0.00
huge,dumb,0,0,0,0,0,0,0,0,0,0,0,0,0,0.00
large,flexible,0,0,0,0,0,0,0,0,0,0,0,0,0,0.00
dirty,narrow,0,0,0,0,0,0,0,0,0,0,0,0,0,0.00
wife,husband,0,0,0,0,7,0,0,0,4,0,0,0,0,0.85
book,text,1,7,0,1,7,0,0,0,6,0,0,4,7,2.54
groom,bride,0,0,0,0,6,0,0,0,5,0,0,0,0,0.85
night,day,0,0,0,0,0,0,0,0,0,0,0,0,0,0.00
south,north,0,1,0,0,0,0,0,0,0,0,0,0,0,0.08
plane,airport,0,1,0,0,6,0,1,0,2,4,0,0,7,1.62
uncle,aunt,0,0,0,1,6,0,0,0,3,0,0,0,0,0.77
horse,mare,9,7,7,8,8,8,8,8,7,3,5,7,8,7.15
bottom,top,0,0,0,1,0,0,0,0,0,0,0,0,0,0.08
friend,buddy,10,9,9,8,10,10,10,10,10,10,9,10,9,9.54
student,pupil,9,9,9,10,10,10,10,10,10,10,9,10,9,9.62
world,globe,1,3,6,2,8,10,10,10,10,5,9,3,5,6.31
leg,arm,1,0,0,1,0,0,0,0,0,0,0,0,0,0.15
plane,jet,9,7,6,8,8,5,5,5,4,0,5,8,9,6.08
woman,man,0,0,0,0,0,0,0,0,0,0,0,0,0,0.00
horse,colt,9,7,6,7,8,9,9,9,9,10,5,6,6,7.69
actress,actor,8,0,7,5,8,0,0,0,5,0,0,2,5,3.08
teacher,instructor,9,10,9,9,10,10,10,10,10,10,8,10,9,9.54
movie,film,9,10,9,8,10,9,9,9,10,10,9,10,8,9.23
bird,hawk,9,5,5,7,7,7,7,7,8,8,5,7,6,6.77
word,dictionary,0,2,0,1,7,1,1,0,5,4,0,0,5,2.00
money,salary,8,3,0,5,7,1,1,1,7,7,5,9,6,4.62
dog,cat,0,0,0,0,0,0,0,0,0,0,0,0,0,0.00
area,region,9,9,8,10,10,9,9,9,10,10,7,9,8,9.00
navy,army,0,4,0,2,0,2,2,2,5,5,0,0,0,1.69
book,literature,1,6,1,5,8,1,1,1,0,0,5,9,8,3.54
clothes,closet,0,1,0,1,7,0,1,0,2,0,0,0,3,1.15
sunset,sunrise,1,0,0,0,0,0,0,0,0,0,0,0,0,0.08
child,adult,0,0,0,0,0,0,0,0,0,0,0,0,0,0.00
cow,cattle,9,9,9,4,10,2,2,2,10,10,5,7,9,6.77
book,story,1,5,3,3,6,0,0,0,2,0,0,1,7,2.15
winter,summer,0,1,0,1,0,0,0,0,0,0,0,0,0,0.15
taxi,cab,9,10,8,10,10,10,10,10,10,10,10,9,9,9.62
tree,maple,9,4,5,5,6,7,7,7,7,8,5,7,5,6.31
bed,bedroom,1,1,0,0,5,0,0,0,0,0,0,0,3,0.77
roof,ceiling,2,3,7,0,7,9,9,9,0,0,3,4,6,4.54
disease,infection,8,3,5,8,8,9,9,9,6,5,5,10,7,7.08
arm,shoulder,3,2,0,3,6,7,7,7,0,2,0,1,7,3.46
sheep,lamb,9,7,7,8,10,8,8,8,9,10,6,8,9,8.23
lady,gentleman,0,2,0,0,7,2,6,5,0,0,0,0,0,1.69
boat,anchor,4,2,0,0,7,5,5,5,0,4,0,6,0,2.92
priest,monk,4,2,0,7,5,5,5,5,8,9,9,6,4,5.31
toe,finger,0,1,0,0,5,5,2,4,0,7,9,6,5,3.38
river,stream,6,2,6,4,3,6,5,6,0,8,0,3,8,4.38
anger,fury,10,10,10,9,6,5,5,2,8,10,9,9,10,7.92
date,calendar,5,2,2,4,5,5,5,5,0,7,10,5,0,4.23
sea,ocean,7,2,8,10,5,4,7,5,2,8,9,5,9,6.23
second,minute,4,2,0,0,5,4,5,4,0,6,0,2,3,2.69
hand,thumb,4,2,0,1,6,5,4,6,0,8,0,5,2,3.31
wood,log,8,2,1,2,5,6,5,5,0,8,10,0,7,4.54
mud,dirt,5,1,0,7,5,5,5,2,1,8,9,2,8,4.46
hallway,corridor,10,10,10,7,5,6,6,7,10,10,10,10,10,8.54
way,manner,3,10,10,7,4,5,5,5,7,8,9,8,0,6.23
mouse,cat,0,2,0,0,5,5,4,5,0,0,0,2,0,1.77
cop,sheriff,7,4,8,10,5,6,5,5,10,9,10,10,8,7.46
death,burial,7,2,2,6,5,5,5,7,0,9,9,3,3,4.85
music,melody,8,2,7,8,4,4,5,5,9,7,9,8,8,6.46
beer,alcohol,7,2,2,10,4,5,5,5,3,10,10,6,8,5.92
mouth,lip,5,2,2,8,7,5,6,6,2,8,9,6,7,5.62
storm,hurricane,7,5,0,7,4,7,5,6,10,10,10,10,8,6.85
tax,income,1,2,0,0,5,5,5,6,1,7,0,4,0,2.77
flower,violet,7,2,1,9,7,7,3,7,0,8,0,6,8,5.00
paper,cardboard,5,2,0,2,4,5,6,5,2,8,0,4,3,3.54
floor,ceiling,0,2,0,0,5,2,5,6,0,1,0,0,0,1.62
beach,seashore,8,3,0,10,5,5,5,5,8,8,9,8,10,6.46
rod,curtain,4,1,0,0,5,6,6,5,0,0,0,3,0,2.31
hound,fox,0,1,0,0,4,5,5,5,0,6,0,0,0,2.00
street,alley,0,2,7,4,2,2,5,6,2,7,10,5,2,4.15
boat,deck,0,1,0,0,5,6,4,5,2,1,0,5,0,2.23
car,horn,0,2,0,0,4,5,5,5,0,7,0,2,0,2.31
friend,guest,6,1,0,4,7,6,7,5,0,8,0,5,1,3.85
employer,employee,4,2,2,0,5,6,5,5,1,8,0,7,0,3.46
hand,wrist,4,0,0,0,5,6,7,6,1,1,0,6,0,2.77
ball,cannon,0,2,0,0,5,5,6,5,0,9,0,10,5,3.62
alcohol,brandy,7,2,3,10,5,4,2,6,3,4,9,5,7,5.15
victory,triumph,0,10,10,10,5,6,5,4,10,9,10,10,10,7.62
telephone,booth,0,2,0,0,5,7,4,5,0,0,0,0,2,1.92
door,doorway,5,2,1,5,5,5,5,5,9,6,10,7,7,5.54
motel,inn,7,2,0,10,5,7,6,4,8,8,9,0,10,5.85
clothes,cloth,5,2,0,0,4,6,5,5,8,7,0,3,3,3.69
steak,meat,7,2,8,9,5,5,6,6,8,9,10,5,9,6.85
nail,thumb,0,2,0,0,7,6,6,5,0,1,0,5,2,2.62
band,orchestra,5,3,6,9,4,4,4,6,2,8,10,4,8,5.62
book,bible,7,1,2,10,5,7,6,5,1,8,0,7,8,5.15
business,industry,5,2,8,4,7,5,5,7,3,7,9,6,6,5.69
winter,season,7,2,1,8,5,5,4,4,0,8,0,3,5,4.00
decade,century,2,1,0,0,4,5,6,6,0,10,0,0,1,2.69
alcohol,gin,7,2,0,9,6,5,7,6,0,8,9,6,7,5.54
hat,coat,0,0,0,0,7,5,5,5,0,2,0,5,0,2.23
window,door,3,1,0,0,0,2,0,2,0,5,3,2,2,1.54
arm,wrist,2,7,0,1,2,3,0,1,5,3,1,3,4,2.46
house,apartment,4,6,8,9,0,3,6,4,7,7,3,9,5,5.46
glass,crystal,6,8,0,6,1,3,7,4,7,5,3,6,6,4.77
wine,brandy,1,5,9,5,0,4,1,4,3,4,4,6,4,3.85
creator,maker,10,10,9,10,10,9,10,9,10,9,9,10,10,9.62
dinner,breakfast,4,0,0,0,0,0,0,1,2,5,0,0,4,1.23
arm,muscle,0,5,0,5,0,2,0,2,2,4,2,3,2,2.08
bubble,suds,6,9,9,7,9,2,7,2,7,3,3,4,1,5.31
bread,flour,1,2,0,1,0,2,0,2,2,5,2,4,0,1.62
death,tragedy,1,7,9,7,4,4,6,4,0,5,2,2,7,4.46
absence,presence,0,0,0,0,0,0,0,0,0,1,0,0,0,0.08
gun,cannon,3,8,0,7,2,2,7,1,5,1,3,8,5,4.00
grass,blade,3,5,0,5,0,0,1,0,3,2,0,0,2,1.62
ball,basket,0,0,0,0,0,2,0,2,1,2,3,3,6,1.46
hose,garden,1,2,0,0,0,1,0,0,0,3,0,1,2,0.77
boy,kid,5,10,9,7,4,1,8,2,7,3,2,3,4,5.00
church,choir,2,3,0,0,0,1,0,1,3,5,2,1,1,1.46
clothes,drawer,0,0,0,0,0,1,0,1,1,3,1,3,3,1.00
tower,bell,0,0,0,0,0,2,0,3,0,4,2,1,1,1.00
father,parent,7,8,9,5,10,3,9,4,8,7,4,6,3,6.38
school,grade,0,6,0,0,0,4,2,3,0,5,4,2,2,2.15
parent,adult,2,8,9,7,4,2,0,4,3,7,2,0,7,4.23
bar,jail,0,2,0,0,0,1,2,0,0,4,1,1,2,1.00
car,highway,1,1,0,0,0,1,0,1,0,3,1,3,3,1.08
dictionary,definition,1,7,0,9,0,2,0,3,0,5,1,2,5,2.69
door,cellar,0,0,0,0,0,1,0,1,0,1,2,1,2,0.62
army,legion,5,10,8,9,6,5,8,5,6,4,5,2,8,6.23
metal,aluminum,5,10,0,8,8,3,7,3,5,4,3,4,4,4.92
chair,bench,5,9,0,5,3,3,7,3,6,5,2,8,6,4.77
cloud,fog,3,9,0,8,2,3,8,3,7,7,3,6,4,4.85
boy,son,5,9,8,9,7,2,1,2,3,4,4,10,4,5.23
water,ice,2,7,0,5,3,2,5,2,5,6,3,4,6,3.85
bed,blanket,1,2,0,0,0,2,1,3,3,4,3,3,4,2.00
attorney,lawyer,10,10,9,9,10,9,10,9,9,9,9,10,10,9.46
area,zone,10,10,9,10,7,9,8,9,9,9,9,10,10,9.15
business,company,10,10,9,10,9,5,10,5,10,9,5,4,10,8.15
clothes,fabric,3,7,8,6,1,3,1,4,3,1,4,3,2,3.54
sweater,jacket,1,2,0,8,3,4,7,5,3,1,4,10,7,4.23
money,capital,9,9,0,9,6,3,10,5,8,6,4,3,1,5.62
hand,foot,2,0,0,0,0,0,0,0,1,4,1,0,1,0.69
alcohol,cocktail,3,7,8,8,5,5,7,3,8,5,4,6,4,5.62
yard,inch,3,1,0,0,0,3,1,3,0,4,3,1,3,1.69
molecule,atom,3,8,0,7,0,2,9,1,4,7,2,3,5,3.92
lens,camera,4,1,0,5,0,2,1,4,3,7,2,1,6,2.77
meal,dinner,6,8,8,9,7,5,7,5,8,5,5,7,7,6.69
eye,tear,1,0,0,0,0,2,0,2,0,2,2,3,5,1.31
god,devil,0,0,0,0,0,0,0,0,1,1,0,0,1,0.23
loop,belt,0,2,0,0,0,2,0,1,5,3,1,6,4,1.85
rat,mouse,2,9,9,7,1,2,10,0,2,7,2,9,1,4.69
motor,engine,6,10,10,10,8,7,9,10,5,7,9,10,10,8.54
car,cab,7,0,0,10,6,3,0,2,5,7,0,7,3,3.85
cat,lion,0,2,0,8,8,0,3,8,0,0,0,9,3,3.15
size,magnitude,8,2,0,9,8,7,2,6,7,7,9,3,10,6.00
reality,fantasy,0,2,0,0,0,0,1,0,0,0,0,0,0,0.23
door,gate,5,10,10,7,8,10,10,8,4,7,10,5,0,7.23
cat,pet,5,2,1,6,5,0,3,4,2,0,0,6,1,2.69
tin,aluminum,3,2,0,0,0,1,1,6,5,4,0,0,1,1.77
bone,jaw,1,1,0,0,7,0,1,6,3,2,0,3,1,1.92
cereal,wheat,0,2,0,0,2,0,2,0,2,0,0,0,1,0.69
house,key,0,2,0,0,0,0,2,0,0,0,0,0,0,0.31
blood,flesh,0,2,0,0,4,0,2,2,1,0,0,0,0,0.85
door,corridor,0,1,0,0,0,0,1,0,1,0,0,0,0,0.23
god,spirit,0,2,0,6,9,0,2,2,3,3,0,8,1,2.77
capability,competence,8,2,8,0,9,3,2,6,3,5,9,6,1,4.77
abundance,plenty,9,8,10,10,8,8,8,8,0,0,9,10,10,7.54
sofa,chair,0,2,2,0,5,6,2,2,3,5,0,9,0,2.77
wall,brick,0,2,0,0,0,0,2,0,2,4,0,0,0,0.77
horn,drum,0,0,0,0,0,0,0,0,3,3,0,0,0,0.46
organ,liver,3,2,1,0,4,4,2,6,2,0,0,8,1,2.54
strength,might,0,2,1,10,7,0,2,8,1,0,0,8,9,3.69
phrase,word,4,2,0,0,1,0,0,0,1,0,0,1,0,0.69
band,parade,0,2,0,0,0,0,0,5,0,0,0,0,0,0.54
stomach,waist,0,2,0,0,4,0,2,0,1,2,0,7,0,1.38
cloud,storm,0,2,0,0,5,0,2,0,3,3,0,0,0,1.15
joy,pride,7,2,0,0,0,0,1,5,5,5,9,9,2,3.46
noise,rattle,7,2,0,6,8,0,2,4,0,0,0,7,0,2.77
rain,mist,0,1,1,6,9,2,1,6,3,3,0,3,2,2.85
beer,beverage,7,2,1,7,7,7,2,2,7,6,0,8,1,4.38
man,uncle,0,0,0,6,1,0,0,4,2,4,0,9,1,2.08
apple,juice,0,1,0,0,0,0,1,0,2,0,0,0,1,0.38
intelligence,logic,8,2,0,2,8,0,2,6,4,4,0,8,3,3.62
communication,language,8,2,1,8,5,9,1,8,5,3,9,10,4,5.62
mink,fur,0,0,0,0,0,0,0,0,3,2,0,0,1,0.46
mob,crowd,6,2,0,8,8,0,2,8,5,3,0,7,6,4.23
shore,coast,0,10,10,10,7,0,9,10,3,6,9,9,0,6.38
wire,cord,0,2,0,6,7,4,2,4,4,5,9,9,8,4.62
bird,turkey,0,2,0,7,3,0,2,4,3,0,0,8,1,2.31
bed,crib,0,2,1,7,4,1,1,6,2,0,9,8,0,3.15
competence,ability,10,2,6,9,8,0,3,6,4,3,9,9,9,6.00
cloud,haze,0,2,0,4,5,2,2,2,2,3,9,7,1,3.00
supper,meal,7,2,6,5,4,8,2,6,2,0,0,9,0,3.92
bar,cage,0,2,0,0,0,0,2,2,0,0,0,0,7,1.00
water,salt,0,2,0,0,0,0,1,0,0,0,0,0,0,0.23
sense,intuition,6,2,6,9,5,9,3,6,3,7,9,9,8,6.31
situation,condition,10,2,1,7,8,8,3,6,5,6,9,7,0,5.54
crime,theft,7,2,0,7,7,2,2,10,5,7,9,9,6,5.62
style,fashion,5,2,2,9,7,0,2,8,6,5,9,7,10,5.54
boundary,border,10,10,10,10,9,10,10,8,7,7,9,9,9,9.08
arm,body,3,2,0,0,3,0,2,2,1,6,0,0,1,1.54
boat,car,2,0,0,0,5,3,5,0,1,0,0,0,1,1.31
sandwich,lunch,0,0,4,0,5,2,2,4,2,3,3,1,5,2.38
bride,princess,0,0,0,0,3,2,2,3,1,2,2,2,5,1.69
heroine,hero,7,5,9,7,7,3,5,9,10,9,9,9,0,6.85
car,gauge,0,0,0,0,3,2,4,1,1,1,2,0,0,1.08
insect,bee,3,2,5,3,4,3,4,3,4,4,3,3,4,3.46
crib,cradle,10,5,6,7,3,2,5,9,9,9,9,6,8,6.77
animal,person,3,0,0,1,3,4,1,0,0,0,0,0,0,0.92
marijuana,herb,3,0,10,1,3,3,2,3,5,3,3,2,2,3.08
bed,hospital,0,0,0,0,4,4,3,2,1,1,1,2,6,1.85
cheek,tongue,0,0,0,0,4,3,6,2,0,2,1,0,3,1.62
disc,computer,0,0,0,0,4,3,4,2,1,2,1,1,3,1.62
curve,angle,6,0,0,1,3,6,2,2,1,3,2,1,4,2.38
grass,moss,1,0,0,0,5,3,3,3,4,4,3,1,6,2.54
school,law,0,0,0,0,3,2,6,5,2,2,1,0,0,1.62
foot,head,0,0,0,0,3,3,5,0,0,0,0,1,2,1.08
mother,guardian,2,1,8,8,2,2,6,6,6,6,5,1,0,4.08
orthodontist,dentist,8,3,7,4,4,3,2,4,4,3,3,3,8,4.31
alcohol,whiskey,5,1,5,9,5,5,6,6,6,5,6,4,8,5.46
mouth,tooth,2,0,0,0,4,5,2,3,2,3,3,3,1,2.15
breakfast,bacon,2,0,4,1,5,2,2,3,3,3,3,1,0,2.23
bathroom,bedroom,1,0,0,0,7,2,5,0,0,1,0,1,2,1.46
plate,bowl,2,0,0,0,3,5,4,1,2,3,3,2,2,2.08
meat,bacon,2,0,5,4,3,5,4,2,2,3,2,4,8,3.38
air,helium,2,0,0,0,3,4,3,1,1,1,1,1,6,1.77
worker,employer,0,0,0,0,2,2,3,0,0,1,1,1,4,1.08
body,chest,1,0,0,0,4,2,4,1,1,2,1,2,4,1.69
son,father,0,0,0,0,5,4,2,1,0,1,1,1,2,1.31
heart,surgery,0,0,0,0,2,3,2,1,1,1,1,2,2,1.15
woman,secretary,0,0,0,0,2,3,3,2,3,1,1,1,0,1.23
man,father,5,1,5,1,7,6,5,3,3,2,3,2,6,3.77
beach,island,0,0,0,0,2,4,4,3,2,3,2,2,4,2.00
story,topic,0,0,1,0,5,3,2,1,2,1,1,4,1,1.62
game,fun,0,0,2,0,3,3,5,2,3,2,2,4,3,2.23
weekend,week,3,0,0,0,4,2,6,2,5,4,3,5,5,3.00
couple,pair,8,8,10,10,5,3,5,7,7,7,6,6,7,6.85
woman,wife,0,1,5,0,5,3,3,2,2,2,2,8,4,2.85
sheep,cattle,2,0,0,0,3,2,5,0,0,0,0,2,4,1.38
purse,bag,9,5,8,8,3,2,4,1,1,2,2,5,8,4.46
ceiling,cathedral,0,0,8,0,3,4,3,1,0,0,1,0,2,1.69
bean,coffee,3,0,1,0,3,2,4,0,0,0,0,0,1,1.08
wood,paper,3,0,0,0,2,2,6,0,0,0,0,2,0,1.15
top,side,3,0,0,0,5,2,3,3,3,2,3,2,0,2.00
crime,fraud,5,3,7,4,3,2,2,6,5,5,5,6,8,4.69
pain,harm,2,3,1,9,3,4,3,4,4,3,4,6,5,3.92
lover,companion,2,1,8,7,5,2,3,7,0,5,4,3,0,3.62
evening,dusk,8,5,10,8,3,5,2,3,2,3,2,4,7,4.77
father,daughter,0,0,0,0,4,3,3,0,1,0,1,2,1,1.15
wine,liquor,5,1,7,2,6,7,6,5,9,8,4,8,8,5.85
cow,goat,0,0,0,0,3,7,4,0,0,0,0,0,2,1.23
belief,opinion,7,6,4,3,3,6,5,2,5,9,4,6,9,5.31
reality,illusion,0,0,3,5,4,0,0,0,0,1,0,0,1,1.08
pact,agreement,9,9,5,0,4,9,9,9,9,10,9,8,9,7.62
wealth,poverty,0,0,1,6,6,0,0,0,0,0,0,0,1,1.08
accident,emergency,5,0,3,3,3,3,2,1,2,3,2,2,5,2.62
battle,conquest,6,0,5,4,6,3,3,2,1,1,3,3,1,2.92
friend,teacher,3,0,3,6,3,1,1,1,1,1,1,0,1,1.69
illness,infection,7,5,6,6,3,4,3,3,3,6,4,3,5,4.46
game,trick,6,0,3,5,3,0,1,0,0,1,0,2,1,1.69
brother,son,5,0,2,6,6,1,2,2,2,4,2,2,5,3.00
aunt,nephew,2,0,4,2,3,1,0,2,0,2,1,0,3,1.54
worker,mechanic,7,0,4,4,4,2,3,2,3,2,3,1,2,2.85
doctor,orthodontist,3,1,7,3,4,3,2,2,2,4,2,2,5,3.08
oak,maple,8,0,3,5,3,0,1,1,1,6,1,5,4,2.92
bee,queen,3,0,1,3,3,2,3,3,3,1,2,0,1,1.92
car,bicycle,3,0,1,6,3,0,0,0,0,5,0,0,4,1.69
goal,quest,7,6,2,4,2,4,3,2,3,5,2,0,2,3.23
august,month,6,0,6,4,5,3,3,3,3,5,3,3,5,3.77
army,squad,5,2,8,5,2,3,3,3,2,6,2,5,6,4.00
cloud,weather,5,0,4,6,4,2,2,2,2,5,2,3,4,3.15
physician,doctor,10,7,9,4,3,9,8,9,9,3,8,9,4,7.08
canyon,valley,7,3,5,4,4,2,3,4,3,9,2,6,8,4.62
river,valley,6,0,5,4,2,2,1,2,2,3,3,0,2,2.46
sun,sky,5,0,1,4,4,2,2,1,1,2,2,2,4,2.31
target,arrow,3,0,2,1,2,3,2,2,2,3,3,0,1,1.85
chocolate,pie,5,0,3,3,2,3,2,2,2,3,3,0,4,2.46
circumstance,situation,8,9,2,4,3,3,2,3,2,8,3,3,9,4.54
opinion,choice,2,0,4,5,4,4,7,6,7,1,6,2,2,3.85
rhythm,melody,6,5,4,4,2,7,6,7,7,5,6,4,1,4.92
gut,nerve,5,0,3,3,3,2,1,0,1,1,1,1,1,1.69
day,dawn,5,0,2,4,3,2,3,3,3,1,2,1,1,2.31
cattle,beef,8,0,2,3,4,3,3,3,3,4,3,3,5,3.38
doctor,professor,5,0,5,4,3,3,3,5,4,7,3,1,6,3.77
arm,vein,4,0,2,2,3,3,2,3,3,3,3,1,1,2.31
room,bath,3,0,5,5,2,0,0,1,2,0,0,1,4,1.77
corporation,business,8,9,8,6,6,5,5,5,5,10,5,6,9,6.69
fun,football,3,0,2,3,4,3,3,2,2,2,3,2,4,2.54
hill,cliff,2,0,5,3,3,1,2,3,1,5,1,1,3,2.31
bone,ankle,2,0,3,5,3,2,2,1,2,4,1,2,4,2.38
apple,candy,1,0,3,3,3,0,0,0,0,1,0,0,1,0.92
helper,maid,6,3,7,6,3,3,2,1,2,1,2,1,1,2.92
leader,manager,7,6,5,3,1,7,7,7,7,8,8,5,6,5.92
lemon,tea,1,0,2,5,6,0,0,0,0,1,0,0,3,1.38
bee,ant,4,0,2,4,2,0,0,0,0,4,0,0,4,1.54
basketball,baseball,5,0,2,3,3,0,1,0,0,5,0,0,4,1.77
rice,bean,3,0,8,4,2,0,0,0,0,1,0,0,4,1.69
bed,furniture,5,0,6,5,1,3,3,2,2,0,2,0,1,2.31
emotion,passion,6,6,3,3,3,7,7,8,7,7,4,4,8,5.62
anarchy,chaos,8,8,4,4,3,9,9,9,9,9,9,9,8,7.54
crime,violation,7,6,3,4,5,5,3,4,4,6,5,6,8,5.08
machine,engine,0,0,0,0,6,1,8,0,3,5,2,1,8,2.62
beach,sea,0,0,1,6,2,4,5,0,3,3,8,6,8,3.54
alley,bowl,0,0,0,1,0,1,0,0,1,0,2,2,2,0.69
jar,bottle,4,0,4,6,7,7,6,0,4,6,5,5,4,4.46
strength,capability,1,10,4,3,6,1,6,0,4,3,3,6,2,3.77
seed,mustard,0,0,0,1,3,1,0,0,1,2,0,1,1,0.77
guitar,drum,0,0,0,1,2,2,0,0,1,1,0,5,1,1.00
opinion,idea,6,10,9,2,8,7,7,10,6,6,3,5,1,6.15
north,west,0,0,0,0,0,2,0,0,0,1,0,1,0,0.31
diet,salad,0,0,0,0,2,3,2,0,2,1,0,1,1,0.92
mother,wife,1,2,0,1,2,4,5,0,3,3,0,1,7,2.23
dad,mother,0,0,0,0,1,5,0,0,1,1,1,1,6,1.23
captain,sailor,2,6,1,5,2,4,8,10,7,7,1,5,3,4.69
meter,yard,1,7,1,0,5,1,6,0,3,5,4,5,7,3.46
beer,champagne,0,0,1,3,6,7,7,0,4,5,3,6,7,3.77
motor,boat,0,0,0,1,1,1,1,0,2,2,0,1,1,0.77
card,bridge,0,0,0,1,1,1,0,0,1,0,0,1,0,0.38
science,psychology,1,7,4,3,4,1,7,0,3,6,1,1,8,3.54
sinner,saint,0,0,0,0,1,2,0,0,0,1,0,1,1,0.46
destruction,construction,0,0,0,0,1,1,0,0,0,0,0,1,1,0.31
crowd,bunch,6,7,4,1,3,10,7,0,9,8,1,8,4,5.23
beach,reef,0,0,1,1,0,3,0,0,1,1,4,4,3,1.38
man,child,0,0,0,0,0,5,1,0,1,1,0,3,4,1.15
bread,cheese,0,0,0,0,2,1,0,0,3,2,0,1,0,0.69
champion,winner,10,10,9,5,0,10,9,1,9,8,6,6,10,7.15
celebration,ceremony,0,10,8,8,8,8,9,0,8,8,5,8,4,6.46
menu,order,0,4,1,3,2,8,7,2,7,7,4,5,3,4.08
king,princess,0,0,0,1,3,4,0,0,1,3,0,6,1,1.46
wealth,prestige,0,7,5,1,7,5,5,0,3,4,1,5,2,3.46
endurance,strength,3,10,9,1,1,8,7,0,8,9,4,1,7,5.23
danger,threat,3,7,10,7,10,10,7,0,8,8,9,6,8,7.15
god,priest,0,0,0,1,0,3,0,0,1,1,1,1,0,0.62
men,fraternity,0,8,0,1,1,4,2,0,2,3,2,5,3,2.38
buddy,companion,10,10,9,4,0,10,8,0,9,8,0,7,9,6.46
teacher,helper,5,0,8,4,8,4,4,0,3,5,0,7,4,4.00
body,stomach,0,6,0,1,2,1,2,0,2,1,0,1,3,1.46
tongue,throat,0,0,0,1,2,1,1,0,0,1,1,4,6,1.31
house,carpet,0,0,0,0,0,1,0,0,2,2,0,1,1,0.54
intelligence,skill,0,5,1,1,5,3,6,10,7,7,0,5,1,3.92
journey,conquest,0,10,1,3,3,1,1,0,0,0,1,1,6,2.08
god,prey,0,0,0,2,3,1,0,0,1,0,1,1,0,0.69
brother,soul,0,0,0,0,3,1,0,0,0,0,0,1,0,0.38
adversary,opponent,10,10,10,9,0,10,9,10,10,10,10,8,8,8.77
death,catastrophe,3,0,8,1,0,3,6,0,2,4,3,6,3,3.00
monster,demon,10,4,9,4,3,9,7,0,7,7,3,6,4,5.62
day,morning,1,0,0,0,0,2,8,0,4,5,0,5,3,2.15
man,victor,0,0,0,0,2,2,0,0,1,1,2,1,0,0.69
friend,guy,0,5,1,0,0,3,7,0,3,3,3,4,5,2.62
song,story,0,0,0,1,2,1,4,0,1,0,0,1,2,0.92
ray,sunshine,1,0,0,2,2,4,0,2,4,5,0,5,7,2.46
guy,stud,5,0,7,6,3,0,7,8,6,5,2,0,6,4.23
chicken,rice,2,0,0,1,0,0,2,1,0,0,1,1,0,0.62
box,elevator,0,0,3,1,0,0,7,0,0,4,0,0,3,1.38
butter,potato,4,0,0,0,0,0,0,0,2,0,0,0,0,0.46
apartment,furniture,6,0,0,2,0,0,1,2,6,0,0,0,2,1.46
lake,swamp,2,4,2,3,7,7,7,3,3,2,3,6,7,4.31
salad,vinegar,4,0,0,1,0,0,2,3,5,0,1,0,0,1.23
flower,bulb,1,5,2,7,0,0,8,6,9,3,0,0,6,3.62
cloud,mist,4,0,5,6,8,4,7,7,6,7,4,8,6,5.54
driver,pilot,4,6,6,8,2,8,8,4,7,7,7,10,7,6.46
sugar,honey,7,3,3,5,9,9,6,3,3,7,1,2,6,4.92
body,shoulder,2,0,3,2,0,0,7,4,7,0,1,0,5,2.38
idea,image,4,4,6,8,1,1,8,1,0,6,0,0,6,3.46
father,brother,3,0,4,3,0,0,3,0,1,0,0,3,1,1.38
moon,planet,3,0,2,3,6,0,9,2,6,2,1,2,3,3.00
ball,costume,6,0,0,3,0,0,2,3,5,0,0,0,5,1.85
rail,fence,5,6,2,6,0,8,8,5,9,2,0,0,8,4.54
room,bed,5,0,0,2,0,0,2,4,7,3,2,1,2,2.15
flower,bush,3,4,3,7,0,0,6,5,6,2,1,7,5,3.77
bone,knee,3,4,0,0,2,0,6,3,7,4,5,2,5,3.15
arm,knee,4,0,0,1,1,0,1,2,0,0,2,4,0,1.15
bottom,side,0,0,3,2,0,0,0,3,0,0,1,0,0,0.69
vessel,vein,6,0,4,8,0,0,8,4,7,0,1,0,2,3.08
cat,rabbit,2,0,0,0,0,0,0,3,1,0,0,0,0,0.46
meat,sandwich,6,0,0,3,0,0,6,3,8,1,4,0,2,2.54
belief,concept,7,2,5,8,3,9,8,6,3,7,3,0,8,5.31
intelligence,insight,5,6,1,8,8,9,7,7,7,6,0,7,6,5.92
attention,interest,7,5,7,7,2,8,8,8,8,3,7,6,8,6.46
attitude,confidence,6,0,6,7,0,1,8,7,0,4,4,8,5,4.31
right,justice,6,5,5,7,1,3,9,8,8,4,6,4,5,5.46
argument,agreement,0,0,0,0,0,0,1,0,0,0,3,0,0,0.31
depth,magnitude,7,6,7,7,6,8,9,9,10,4,3,0,7,6.38
medium,news,0,0,0,3,8,0,8,3,5,4,1,0,4,2.77
winner,candidate,4,0,6,2,0,0,6,0,3,1,0,0,4,2.00
birthday,date,6,0,0,3,1,0,6,6,6,3,4,1,4,3.08
fee,payment,7,7,7,2,6,10,8,8,6,8,5,2,7,6.38
bible,hymn,4,0,5,2,1,0,6,5,10,1,0,0,2,2.77
exit,doorway,3,4,8,9,6,1,9,6,10,6,2,6,7,5.92
man,sentry,4,0,3,2,3,1,7,4,2,1,0,0,5,2.46
aisle,hall,5,5,8,7,3,9,6,6,4,2,10,10,8,6.38
whiskey,gin,7,4,3,5,7,0,6,3,10,2,6,2,5,4.62
blood,marrow,4,0,0,0,0,0,6,4,0,0,0,0,2,1.23
oil,mink,0,0,0,0,1,0,3,3,4,0,0,0,3,1.08
floor,deck,5,5,5,7,2,9,9,6,9,6,6,7,8,6.46
roof,floor,0,0,0,1,0,0,0,3,0,0,0,0,0,0.31
door,floor,1,0,0,3,0,0,0,0,0,0,0,0,0,0.31
shoulder,head,2,0,0,0,0,0,1,3,2,1,0,2,1,0.92
wagon,carriage,8,5,8,7,0,9,8,8,10,8,6,6,8,7.00
car,carriage,6,0,3,6,0,4,6,6,8,7,6,7,6,5.00
elbow,ankle,0,0,0,0,1,0,1,0,0,2,0,0,0,0.31
wealth,fame,9,6,1,0,2,0,6,6,6,4,5,2,2,3.77
sorrow,shame,3,5,2,10,2,6,6,6,5,6,5,4,2,4.77
administration,management,8,10,9,8,10,10,4,2,8,9,5,5,4,7.08
communication,conversation,0,9,9,9,10,9,3,2,10,4,5,2,4,5.85
pollution,atmosphere,1,0,0,0,2,0,6,6,6,7,0,3,2,2.54
anatomy,biology,0,3,5,1,9,4,6,6,10,5,0,3,6,4.46
college,profession,0,0,0,0,2,0,6,3,8,5,5,3,0,2.46
book,topic,0,0,3,0,2,0,3,2,6,4,5,0,1,2.00
formula,equation,7,10,9,9,10,9,6,6,8,9,0,1,6,6.92
book,information,2,2,5,0,1,0,2,2,5,6,5,0,0,2.31
boy,partner,0,0,5,0,2,0,2,2,1,5,0,0,0,1.31
sky,universe,0,0,6,0,2,4,6,6,5,6,0,0,3,2.92
population,people,2,9,8,10,9,8,8,8,10,8,0,0,2,6.31
college,class,1,4,6,0,10,0,6,7,7,8,5,3,5,4.77
chief,mayor,1,10,5,6,10,0,8,6,2,7,5,2,1,4.85
rabbi,minister,4,7,9,0,10,0,3,4,8,2,0,2,0,3.77
meter,inch,0,2,0,0,0,0,2,7,6,8,5,3,1,2.62
polyester,cotton,3,3,0,0,0,0,2,2,4,5,0,2,4,1.92
lawyer,banker,0,4,0,0,0,0,3,2,2,2,0,0,0,1.00
violin,instrument,1,6,9,8,10,6,3,6,8,2,5,2,4,5.38
camp,cabin,0,4,6,0,2,0,7,6,1,5,0,3,3,2.85
pot,appliance,1,0,1,0,9,0,4,3,1,7,5,1,4,2.77
linen,fabric,6,8,9,0,10,9,7,7,2,8,5,3,6,6.15
whiskey,champagne,4,3,1,0,10,0,2,4,5,7,0,2,3,3.15
girl,child,3,7,7,0,10,5,6,4,9,6,5,0,0,4.77
cottage,cabin,7,9,9,0,9,8,2,3,7,9,0,5,4,5.54
bird,hen,2,8,9,3,9,5,2,3,7,8,5,4,6,5.46
racket,noise,8,8,10,0,10,0,3,1,1,8,0,0,10,4.54
sunset,evening,5,8,8,0,10,0,6,6,7,8,5,3,4,5.38
drizzle,rain,9,7,9,10,9,8,9,9,10,9,10,10,10,9.15
adult,baby,0,0,0,0,0,0,3,6,1,0,0,0,0,0.77
charcoal,coal,8,9,9,10,2,9,8,9,10,8,10,0,4,7.38
body,spine,1,1,4,0,2,0,3,1,3,7,5,1,3,2.38
head,nail,0,1,1,0,0,0,3,2,1,2,0,2,0,0.92
log,timber,7,8,9,10,10,7,1,1,10,0,0,0,0,4.85
spoon,cup,1,1,1,0,0,0,2,1,3,6,0,0,0,1.15
body,nerve,1,0,2,0,2,0,4,2,3,4,5,0,2,1.92
man,husband,0,1,6,0,10,0,6,3,8,7,5,0,0,3.54
bone,neck,0,1,3,0,2,0,2,4,1,6,5,2,2,2.15
frustration,anger,9,8,6,6,10,6,7,7,6,5,0,2,5,5.92
river,sea,0,5,1,2,9,0,2,1,6,7,5,1,4,3.31
task,job,9,10,10,10,10,9,6,7,10,10,0,0,0,7.00
club,society,7,10,7,8,9,9,2,2,9,4,5,1,2,5.77
reflection,image,7,8,9,0,9,0,7,7,3,7,5,0,0,4.77
prince,king,0,5,3,0,2,0,6,6,5,8,5,4,6,3.85
snow,weather,1,7,7,0,10,3,4,3,5,6,5,3,3,4.38
people,party,1,0,5,0,2,7,3,2,5,4,0,1,0,2.31
boy,brother,0,6,7,0,2,5,7,8,2,5,5,0,0,3.62
root,grass,0,1,1,0,9,0,2,2,5,7,5,1,2,2.69
brow,eye,0,6,2,0,1,0,2,2,6,5,5,0,0,2.23
money,pearl,0,0,4,6,3,0,0,0,0,0,5,1,2,1.62
money,diamond,0,2,6,6,1,0,0,2,0,0,5,1,7,2.31
vehicle,bus,2,4,8,8,7,5,5,3,6,5,5,5,8,5.46
cab,bus,0,3,8,8,3,0,0,3,1,0,5,2,8,3.15
house,barn,1,1,6,6,1,5,5,2,1,5,5,1,4,3.31
finger,palm,1,1,6,2,3,0,0,3,1,0,0,0,2,1.46
car,bridge,0,1,2,3,1,5,0,0,0,0,5,0,0,1.31
effort,difficulty,6,5,4,5,4,5,0,1,2,0,5,2,7,3.54
fact,insight,0,7,6,6,1,0,5,2,2,5,0,2,8,3.38
job,management,1,0,6,6,2,5,5,2,2,0,5,0,3,2.85
cancer,sickness,2,5,6,7,4,5,5,4,5,5,5,4,8,5.00
word,newspaper,0,0,6,4,5,4,5,3,3,5,0,3,4,3.23
composer,writer,7,10,1,4,1,5,0,2,1,0,0,0,8,3.00
actor,singer,0,1,6,6,3,5,0,1,2,0,5,2,5,2.77
shelter,hut,7,7,7,7,4,5,5,2,1,5,5,0,8,4.85
bathroom,kitchen,0,3,6,1,3,5,0,0,0,0,5,0,6,2.23
cabin,hut,6,6,3,3,5,0,0,1,1,0,0,1,10,2.77
door,kitchen,0,0,3,2,1,0,0,0,0,5,0,0,5,1.23
value,belief,7,9,6,6,2,5,0,3,1,0,0,4,9,4.00
wisdom,intelligence,8,10,7,6,4,10,10,3,2,10,10,1,9,6.92
ignorance,intelligence,0,0,4,4,1,0,0,2,2,0,0,1,0,1.08
happiness,luck,1,0,6,7,2,5,5,2,2,5,0,2,5,3.23
idea,scheme,8,10,7,6,4,5,5,6,5,10,5,6,9,6.62
mood,emotion,8,9,7,7,6,0,0,2,2,5,0,2,7,4.23
happiness,peace,1,1,7,8,5,5,5,1,1,5,5,1,6,3.92
despair,misery,9,8,6,6,2,10,5,1,1,5,5,2,9,5.31
logic,arithmetic,2,2,6,6,4,0,0,1,2,0,0,2,7,2.46
denial,confession,0,0,3,4,5,0,0,2,2,5,0,3,5,2.23
argument,criticism,4,8,6,7,2,5,5,3,2,5,0,2,7,4.31
aggression,hostility,8,10,6,6,2,0,0,1,2,0,0,3,10,3.69
hysteria,confusion,9,9,3,4,4,0,0,2,1,0,0,1,5,2.92
chemistry,theory,0,0,6,4,6,5,5,3,3,0,0,4,2,2.92
trial,verdict,2,1,7,6,5,5,5,2,2,5,5,2,8,4.23
comfort,safety,4,8,6,6,5,5,5,1,2,5,5,2,8,4.77
confidence,self,1,0,8,7,3,0,5,2,2,5,5,4,7,3.77
vision,perception,9,9,2,6,3,0,0,2,2,0,0,2,9,3.38
era,decade,1,2,6,7,3,5,5,1,2,5,5,1,10,4.08
biography,fiction,1,0,2,3,2,5,5,2,1,5,0,2,5,2.54
discussion,argument,5,3,7,7,9,10,10,1,1,10,10,2,8,6.38
code,symbol,7,9,4,3,6,0,0,4,4,0,0,3,5,3.46
danger,disease,0,1,6,7,2,5,5,0,1,0,5,4,4,3.08
accident,catastrophe,7,8,7,7,3,10,10,3,1,10,10,1,5,6.31
journey,trip,8,10,6,7,1,10,10,1,1,10,5,1,10,6.15
activity,movement,1,10,6,6,2,5,5,1,6,10,5,2,8,5.15
gossip,news,6,4,7,6,3,0,0,0,0,5,0,1,7,3.00
father,god,1,4,3,4,2,0,0,0,0,0,0,0,3,1.31
action,course,1,0,3,3,1,0,0,1,1,0,0,0,6,1.23
fever,illness,7,6,7,6,7,5,5,2,2,5,5,1,8,5.08
aviation,flight,2,10,6,6,3,5,5,1,1,10,5,2,9,5.00
game,action,1,1,6,6,6,5,5,0,0,0,5,0,1,2.77
molecule,air,0,6,3,0,4,4,5,1,1,2,5,1,6,2.92
home,state,0,6,2,0,4,3,3,0,2,3,0,2,3,2.15
word,literature,6,0,7,10,2,3,5,1,1,2,5,1,6,3.77
adult,guardian,6,8,4,10,3,2,2,2,1,1,0,1,6,3.54
newspaper,information,0,6,7,2,5,6,3,0,0,0,5,0,6,3.08
communication,television,0,5,7,2,5,5,4,0,1,1,0,0,6,2.77
cousin,uncle,0,7,2,0,5,3,2,0,0,0,10,0,3,2.46
author,reader,0,0,2,2,5,2,2,2,2,1,0,1,3,1.69
guy,partner,0,7,7,2,4,5,3,1,0,0,0,0,4,2.54
area,corner,6,5,6,2,2,4,4,0,2,2,5,2,4,3.38
ballad,song,9,9,10,10,4,4,6,8,7,7,0,5,6,6.54
wall,decoration,0,0,0,2,3,2,3,0,1,1,0,1,6,1.46
word,page,0,6,1,0,2,3,3,0,2,0,0,1,3,1.62
nurse,scientist,0,5,1,0,6,2,1,0,2,1,0,2,3,1.77
politician,president,6,8,8,10,7,6,6,1,4,4,10,1,6,5.92
president,mayor,5,5,1,9,7,5,5,0,2,2,0,3,6,3.85
book,essay,4,6,6,1,1,2,3,0,2,1,5,2,2,2.69
man,warrior,2,6,4,2,2,6,4,0,1,1,5,2,6,3.15
article,journal,6,8,7,10,3,4,6,1,2,2,5,3,6,4.85
breakfast,supper,0,0,4,0,3,1,4,0,7,7,5,7,4,3.23
crowd,parade,0,3,1,9,4,5,5,0,1,1,0,1,7,2.85
aisle,hallway,9,8,8,9,5,6,6,1,5,2,10,2,6,5.92
teacher,rabbi,0,8,1,10,3,3,3,8,2,3,0,3,0,3.38
hip,lip,0,0,0,0,6,6,6,0,0,1,0,1,7,2.08
book,article,5,7,6,2,3,5,3,0,1,0,5,2,4,3.31
room,cell,0,7,2,9,4,0,1,2,5,4,0,4,3,3.15
box,booth,0,7,5,9,6,1,3,6,2,1,0,1,4,3.46
daughter,kid,7,9,6,9,6,6,4,7,0,0,5,0,6,5.00
limb,leg,4,9,8,9,2,4,4,0,2,2,5,2,8,4.54
liver,lung,4,6,1,0,4,3,2,0,1,1,5,1,3,2.38
classroom,hallway,0,5,3,2,6,5,3,0,1,2,0,1,3,2.38
mountain,ledge,0,5,1,0,5,3,2,0,1,2,0,1,6,2.00
car,elevator,0,0,0,0,2,3,3,0,0,0,0,0,0,0.62
bed,couch,0,5,1,1,4,1,3,2,1,1,0,2,3,1.85
clothes,button,0,3,1,0,5,5,5,0,1,2,0,1,6,2.23
clothes,coat,4,7,3,10,7,7,6,3,1,3,5,2,6,4.92
kidney,organ,7,8,7,10,4,3,4,0,1,2,0,2,6,4.15
apple,sauce,0,5,3,2,3,3,3,0,1,1,5,0,0,2.00
chicken,steak,0,6,2,0,4,3,3,0,1,0,0,0,4,1.77
car,hose,0,0,0,0,2,0,3,0,1,1,0,1,1,0.69
tobacco,cigarette,7,9,7,9,9,9,3,6,7,7,5,7,9,7.23
student,professor,0,0,2,2,1,4,3,0,3,2,5,2,2,2.00
baby,daughter,4,7,6,10,3,5,3,1,0,0,5,1,6,3.92
pipe,cigar,6,7,4,0,3,4,4,7,3,3,0,2,4,3.62
milk,juice,1,6,3,0,2,5,3,0,0,0,0,1,3,1.85
box,cigar,0,0,1,0,2,3,3,0,2,1,0,2,4,1.38
apartment,hotel,2,5,3,9,2,6,5,6,2,3,5,2,6,4.31
cup,cone,0,3,3,0,3,2,2,0,1,2,0,1,3,1.54
horse,ox,0,3,2,0,2,0,3,1,0,0,0,0,3,1.08
throat,nose,2,0,1,0,3,2,3,0,2,2,5,1,3,1.85
bone,teeth,1,1,3,5,4,4,4,2,1,5,7,2,5,3.38
bone,elbow,0,0,3,4,3,3,4,3,0,0,0,1,7,2.15
bacon,bean,0,0,1,4,3,3,0,1,0,0,0,2,0,1.08
cup,jar,5,0,3,3,3,3,2,3,4,0,2,5,9,3.23
proof,fact,2,7,3,4,4,4,3,4,4,10,8,1,9,4.85
appointment,engagement,6,6,3,5,2,5,2,4,8,5,10,2,8,5.08
birthday,year,1,3,3,3,4,4,4,3,0,0,0,0,1,2.00
word,clue,0,0,3,2,2,3,2,2,0,0,0,2,3,1.46
author,creator,5,3,9,9,8,9,9,7,0,10,7,1,7,6.46
atom,carbon,0,0,4,3,5,5,4,4,0,0,5,1,4,2.69
archbishop,bishop,3,0,7,7,6,7,7,7,3,1,8,2,9,5.15
letter,paragraph,1,0,2,3,3,4,2,3,0,1,5,2,1,2.08
page,paragraph,1,0,1,2,3,4,2,2,0,0,7,1,1,1.85
steeple,chapel,2,3,6,6,7,6,2,6,8,10,0,1,5,4.77
muscle,bone,2,0,4,4,3,3,4,3,2,0,0,1,2,2.15
muscle,tongue,0,1,3,3,3,2,3,3,2,2,6,2,3,2.54
boy,soldier,0,0,2,1,3,1,0,3,0,0,0,0,3,1.00
belly,abdomen,1,8,8,8,8,7,8,8,7,10,10,1,10,7.23
guy,girl,3,0,3,3,2,4,3,4,0,0,0,0,0,1.69
bed,chair,2,0,2,2,1,1,3,2,2,0,0,2,2,1.46
clothes,jacket,3,0,7,3,7,6,7,4,2,2,6,3,4,4.15
gun,knife,6,0,0,2,3,3,2,2,1,3,0,0,2,1.85
tin,metal,1,2,5,3,4,5,4,4,6,0,7,1,5,3.62
bottle,container,2,2,4,2,4,5,3,3,3,0,3,1,9,3.15
hen,turkey,4,2,2,3,2,3,1,2,1,0,0,3,5,2.15
meat,bread,0,0,2,2,3,3,3,2,0,0,0,0,1,1.23
arm,bone,1,0,5,4,4,3,2,2,1,0,4,1,4,2.38
neck,spine,1,2,4,3,5,3,4,2,3,0,0,1,5,2.54
apple,lemon,1,0,3,2,1,0,4,2,1,0,0,0,3,1.31
agony,grief,2,2,2,5,6,6,6,3,8,8,8,8,0,4.92
assignment,task,7,8,4,2,3,3,2,4,10,10,10,0,10,5.62
night,dawn,3,0,0,4,1,0,0,1,1,0,0,1,2,1.00
dinner,soup,1,0,2,3,3,3,2,2,1,0,2,1,2,1.69
calf,bull,5,0,6,5,7,8,7,6,2,0,0,1,5,4.00
snow,storm,1,0,3,3,3,4,3,2,1,0,0,1,5,2.00
nail,hand,2,0,6,5,5,7,4,4,0,0,0,1,4,2.92
dog,horse,1,0,2,1,4,0,1,2,0,0,0,0,2,1.00
arm,neck,1,0,3,4,2,3,0,3,0,0,0,0,0,1.23
ball,glove,1,0,3,3,3,2,2,2,1,0,0,3,3,1.77
flu,fever,2,7,2,4,4,6,6,6,2,5,2,2,5,4.08
fee,salary,2,2,5,4,4,7,5,5,0,0,0,2,2,2.92
nerve,brain,0,0,6,5,4,5,4,5,1,0,0,2,5,2.85
beast,animal,3,7,6,5,6,6,5,6,7,5,6,3,4,5.31
dinner,chicken,1,0,1,3,2,2,2,2,0,0,1,0,5,1.46
girl,maid,0,1,3,3,4,3,3,3,0,0,6,1,5,2.46
child,boy,8,6,3,5,3,6,4,3,6,10,7,0,4,5.00
alcohol,wine,2,2,6,5,5,7,5,6,1,1,8,7,8,4.85
nose,mouth,1,0,2,4,5,3,3,3,2,0,0,1,3,2.08
street,car,0,0,2,2,4,3,1,3,1,0,0,1,4,1.62
bell,door,0,0,2,2,3,3,2,2,1,0,0,2,4,1.62
box,hat,1,0,0,2,2,1,2,1,2,0,1,1,1,1.08
belief,impression,2,3,9,3,5,6,4,4,3,0,2,2,1,3.38
bias,opinion,1,6,9,5,5,6,5,5,2,0,2,3,1,3.85
attention,awareness,2,8,10,5,6,6,6,2,4,6,8,7,7,5.92
anger,mood,2,4,2,5,5,4,6,7,3,3,2,2,3,3.69
elegance,style,6,1,10,5,4,5,5,5,5,3,2,2,2,4.23
beauty,age,2,0,2,4,5,6,5,5,2,2,0,0,0,2.54
book,theme,2,0,2,1,2,4,2,3,3,0,0,1,1,1.62
friend,mother,1,0,9,2,3,1,3,3,2,0,0,0,1,1.92
vitamin,iron,1,2,2,3,4,5,3,4,5,2,3,3,3,3.08
car,factory,1,0,2,3,2,3,1,4,5,0,1,2,0,1.85
pact,condition,6,0,0,4,5,5,6,4,2,0,1,1,5,3.00
chapter,choice,1,0,0,3,3,3,2,2,3,0,1,0,0,1.38
arithmetic,rhythm,1,0,0,3,2,2,3,3,2,0,1,3,2,1.69
winner,presence,2,0,0,4,3,3,3,2,5,0,2,1,0,1.92
belief,flower,0,0,0,2,2,3,3,3,2,0,0,0,0,1.15
winner,goal,3,0,2,4,6,3,4,5,3,3,4,4,5,3.54
trick,size,0,0,0,2,1,2,1,3,3,0,0,0,0,0.92
choice,vein,0,0,0,3,2,2,3,1,3,0,2,1,1,1.38
hymn,conquest,2,0,0,2,3,3,2,2,2,0,0,0,0,1.23
endurance,band,1,0,0,2,2,3,3,3,2,0,0,0,0,1.23
jail,choice,0,0,0,2,3,1,2,3,2,0,1,1,2,1.31
condition,boy,0,0,0,2,1,1,2,2,2,0,0,1,0,0.85
flower,endurance,0,0,0,1,3,3,2,3,2,0,0,0,0,1.08
hole,agreement,0,0,0,3,2,3,3,2,3,0,0,0,0,1.23
doctor,temper,0,0,1,3,2,3,3,4,2,0,0,0,0,1.38
fraternity,door,0,0,0,2,4,2,2,4,3,0,1,1,0,1.46
task,woman,0,0,0,2,2,2,3,2,3,0,0,0,0,1.08
fraternity,baseball,1,0,0,2,2,3,2,3,3,0,1,1,2,1.54
cent,size,0,0,0,4,5,3,5,6,6,0,0,0,0,2.23
presence,door,0,0,0,2,2,5,3,2,3,0,1,1,2,1.62
mouse,management,0,0,0,1,2,1,2,2,3,0,0,0,0,0.85
task,highway,0,0,0,2,3,3,2,2,2,0,0,0,0,1.08
liquor,century,0,0,0,2,2,3,1,2,2,0,0,0,0,0.92
task,straw,0,0,0,2,2,2,0,2,3,0,0,0,0,0.85
island,task,0,0,0,2,2,3,2,1,1,0,0,0,0,0.85
night,chapter,0,0,0,2,3,1,2,3,4,0,1,0,0,1.23
pollution,president,0,0,0,2,2,3,3,2,1,0,0,0,0,1.00
gun,trick,1,0,0,1,2,3,1,3,2,0,0,0,0,1.00
bath,trick,0,0,0,2,2,2,4,2,1,0,2,0,0,1.15
diet,apple,1,0,0,1,2,3,2,1,2,1,1,0,1,1.15
cent,wife,0,0,0,1,1,1,1,2,2,0,0,0,0,0.62
chapter,tail,0,0,0,2,3,3,2,1,3,3,1,0,0,1.38
course,stomach,0,0,0,2,3,2,2,3,1,0,0,0,0,1.00
hymn,straw,0,0,0,2,2,2,3,3,2,0,0,0,0,1.08
dentist,colonel,0,0,0,0,3,2,0,0,3,0,1,1,2,0.92
wife,straw,0,0,0,2,2,2,2,4,2,0,0,0,0,1.08
hole,wife,0,0,0,2,3,3,2,2,2,0,0,0,0,1.08
pupil,president,1,0,0,0,2,1,0,0,1,7,1,1,3,1.31
bath,wife,0,0,0,2,2,2,2,1,3,0,1,1,0,1.08
people,cent,0,0,0,0,0,0,0,0,0,0,0,0,0,0.00
formula,log,0,0,5,0,0,0,0,0,3,3,0,0,0,0.85
woman,fur,0,0,1,0,0,0,0,0,0,0,0,0,0,0.08
apple,sunshine,0,0,0,0,0,0,0,0,0,0,0,0,0,0.00
gun,dawn,0,0,0,0,0,0,0,0,0,0,0,0,0,0.00
meal,waist,1,0,0,0,0,0,0,0,0,0,3,1,3,0.62
camera,president,0,0,0,0,0,0,0,0,0,3,0,0,0,0.23
liquor,band,0,0,0,0,0,0,0,0,0,0,0,0,0,0.00
stomach,vein,1,0,6,0,0,0,0,0,0,0,3,0,0,0.77
gun,fur,0,0,1,0,0,0,0,0,0,0,1,0,0,0.15
couch,baseball,0,0,2,0,0,0,0,0,0,0,0,1,2,0.38
worker,camera,2,0,1,0,0,0,0,0,0,0,0,0,0,0.23
deck,mouse,0,0,1,0,0,0,0,0,0,0,0,0,0,0.08
rice,boy,0,0,0,0,0,0,0,0,0,0,0,0,0,0.00
people,gun,0,0,1,0,0,0,0,0,0,0,0,0,0,0.08
cliff,tail,0,0,0,0,0,4,0,0,0,0,0,0,0,0.31
ankle,window,0,0,0,0,0,0,0,0,0,0,0,0,0,0.00
princess,island,0,0,0,0,0,0,0,0,0,0,0,0,0,0.00
container,mouse,0,0,0,0,0,0,0,0,0,0,0,0,0,0.00
wagon,container,0,0,8,1,3,0,5,0,4,9,0,1,0,2.38
people,balloon,0,0,0,0,0,0,0,0,0,0,0,0,0,0.00
dollar,people,0,0,0,0,0,0,0,0,0,0,0,0,0,0.00
bath,balloon,0,0,0,0,0,0,0,0,0,0,0,0,0,0.00
stomach,bedroom,0,0,0,0,0,0,0,0,0,0,0,0,0,0.00
bicycle,bedroom,0,0,0,0,0,0,0,0,0,0,0,0,0,0.00
log,bath,0,0,0,0,0,0,0,0,0,1,0,0,0,0.08
bowl,tail,0,0,0,0,0,0,0,0,0,1,0,0,0,0.08
go,come,0,5,5,0,0,0,0,0,0,0,5,0,0,1.15
take,steal,9,5,3,7,4,7,0,4,10,6,5,4,1,5.00
listen,hear,10,5,7,8,6,10,10,8,8,8,9,10,9,8.31
think,rationalize,9,3,4,7,6,7,10,6,6,9,8,3,3,6.23
occur,happen,10,8,7,9,10,8,10,7,10,9,9,10,10,9.00
vanish,disappear,10,8,10,9,10,10,10,10,10,10,10,10,10,9.77
multiply,divide,0,0,0,0,0,0,0,0,0,0,5,9,10,1.85
plead,beg,10,8,7,9,10,9,0,8,9,4,9,9,8,7.69
begin,originate,10,8,8,8,9,8,7,8,10,9,10,6,7,8.31
protect,defend,10,9,9,8,8,8,10,8,9,9,9,10,10,9.00
kill,destroy,10,5,7,8,6,8,7,7,7,5,7,10,9,7.38
create,make,10,8,9,8,9,10,0,8,10,10,8,9,10,8.38
accept,reject,0,0,0,0,0,0,0,0,0,0,0,0,0,0.00
ignore,avoid,9,8,7,8,7,7,10,6,5,8,9,9,10,7.92
carry,bring,9,5,5,4,0,7,0,4,7,6,4,5,6,4.77
leave,enter,0,3,5,0,0,0,0,0,0,0,0,0,0,0.62
choose,elect,10,7,9,8,6,8,10,8,8,9,5,9,9,8.15
lose,fail,9,9,8,7,6,8,10,7,7,9,5,9,8,7.85
encourage,discourage,0,0,0,0,0,0,0,0,0,0,0,0,0,0.00
achieve,accomplish,9,9,4,8,9,8,10,9,10,10,8,8,7,8.38
make,construct,10,8,8,8,8,10,10,6,8,7,9,6,6,8.00
listen,obey,0,0,4,7,4,5,7,4,5,4,5,8,7,4.62
inform,notify,10,9,9,8,9,9,10,8,10,10,9,9,9,9.15
receive,give,1,0,4,5,4,0,0,0,0,2,0,3,1,1.54
borrow,beg,4,5,1,2,3,4,5,4,0,2,3,5,0,2.92
take,obtain,1,0,3,3,2,0,6,7,8,7,6,4,5,4.00
advise,recommend,7,0,2,3,6,7,0,8,10,7,8,8,1,5.15
imitate,portray,3,0,1,5,3,0,0,7,5,6,7,5,1,3.31
win,succeed,8,4,5,7,6,7,8,8,6,9,7,7,6,6.77
think,decide,1,0,3,3,5,1,0,3,0,7,7,5,1,2.77
greet,meet,2,6,1,0,3,8,7,3,9,9,7,7,9,5.46
agree,argue,1,0,2,3,3,0,0,0,0,2,0,0,1,0.92
enjoy,entertain,7,4,5,3,5,3,3,9,0,5,7,5,7,4.85
destroy,make,1,0,1,2,3,0,0,0,0,2,0,0,3,0.92
save,protect,7,7,3,2,2,8,9,8,9,6,6,6,10,6.38
give,lend,5,0,3,2,4,2,0,5,2,6,6,5,0,3.08
understand,know,5,6,4,2,5,6,7,5,7,8,7,8,4,5.69
take,receive,7,0,4,3,5,0,0,5,7,3,6,5,1,3.54
accept,acknowledge,1,1,4,4,7,2,0,3,5,6,6,6,8,4.08
decide,choose,1,0,4,2,2,0,5,5,7,9,7,9,1,4.00
accept,believe,5,2,3,3,6,2,0,5,6,0,6,9,8,4.23
keep,possess,1,0,3,5,5,1,4,7,4,8,8,7,0,4.08
roam,wander,8,0,5,6,6,0,0,8,8,7,9,6,2,5.00
succeed,fail,1,0,1,5,3,0,0,0,0,2,0,0,1,1.00
spend,save,1,0,4,3,4,0,0,0,0,3,0,0,1,1.23
leave,go,5,5,3,4,4,0,5,6,5,8,0,8,0,4.08
come,attend,6,0,4,4,6,0,0,7,3,7,6,7,9,4.54
know,believe,5,0,3,4,4,0,6,6,8,5,7,8,1,4.38
gather,meet,5,0,2,4,6,0,1,7,9,8,8,6,1,4.38
make,earn,5,0,3,1,3,0,3,3,2,6,7,8,10,3.92
forget,ignore,6,7,5,2,5,5,7,1,1,4,8,3,2,4.31
multiply,add,1,0,3,4,3,0,0,8,1,4,2,6,1,2.54
shrink,grow,1,0,2,3,3,0,0,0,0,2,0,0,0,0.85
arrive,leave,1,0,4,5,3,0,0,0,0,2,0,0,1,1.23
succeed,try,1,0,3,4,2,0,0,1,1,5,7,6,1,2.38
accept,deny,1,0,3,4,2,0,0,0,0,2,0,1,1,1.08
arrive,come,7,0,5,5,5,0,0,7,4,8,8,7,0,4.31
agree,differ,2,0,1,5,3,0,0,0,0,2,0,0,1,1.08
send,receive,1,0,2,2,2,0,0,0,0,2,0,1,1,0.85
win,dominate,2,6,4,4,2,5,7,5,6,7,6,5,10,5.31
add,divide,1,0,5,3,4,0,0,0,1,3,1,3,1,1.69
kill,choke,1,0,2,2,2,0,0,9,3,6,2,5,9,3.15
acquire,get,8,8,2,2,4,0,0,9,6,8,7,10,1,5.00
participate,join,7,6,5,4,3,4,7,8,9,7,4,6,7,5.92
leave,remain,1,0,2,2,2,0,0,1,0,1,0,6,8,1.77
go,enter,1,0,1,4,4,0,0,2,3,3,5,2,5,2.31
take,carry,1,0,3,3,3,3,0,6,1,5,6,6,1,2.92
forget,learn,1,0,3,2,2,0,0,0,0,2,0,2,1,1.00
appoint,elect,2,6,3,3,5,0,3,3,10,5,4,8,0,4.00
engage,marry,5,8,4,2,2,6,8,2,1,3,5,7,4,4.38
ask,pray,7,0,2,2,2,2,0,4,2,6,1,7,0,2.69
go,send,5,0,2,2,3,0,0,1,5,1,1,4,6,2.31
take,deliver,1,0,3,2,4,0,0,7,0,6,5,2,1,2.38
speak,hear,0,0,0,0,0,0,0,3,0,0,2,0,0,0.38
analyze,evaluate,8,10,10,8,9,6,9,8,4,7,8,8,8,7.92
argue,rationalize,8,5,0,1,9,1,,7,4,9,3,0,8,4.58
lose,keep,0,0,0,0,0,0,0,0,1,2,0,0,0,0.23
compare,analyze,5,10,1,4,9,4,7,10,0,8,5,6,2,5.46
disorganize,organize,0,0,0,0,0,0,0,0,0,1,0,0,0,0.08
go,allow,3,0,0,0,0,0,1,5,0,3,0,0,0,0.92
take,possess,8,4,0,0,9,0,8,8,4,9,2,4,7,4.85
learn,listen,1,4,0,0,8,1,1,5,1,6,3,0,0,2.31
destroy,construct,0,0,0,0,0,0,0,0,0,0,0,0,0,0.00
create,build,7,9,3,6,10,1,7,8,0,8,8,10,8,6.54
steal,buy,0,0,0,0,0,0,0,0,0,0,0,0,0,0.00
kill,hang,5,0,4,0,7,0,2,5,0,2,2,0,4,2.38
forget,know,0,0,0,0,0,0,0,0,0,0,0,0,0,0.00
create,imagine,5,8,8,1,0,8,6,9,6,8,3,0,1,4.85
do,happen,3,0,0,0,9,1,4,4,0,9,0,0,0,2.31
win,accomplish,5,9,9,0,10,3,7,7,9,9,5,2,6,6.23
give,deny,0,0,0,0,0,0,0,0,0,1,0,0,0,0.08
deserve,earn,6,9,0,6,10,1,8,4,4,8,1,2,0,4.54
get,put,2,0,0,0,0,0,2,1,0,2,0,0,0,0.54
locate,find,9,10,10,8,10,10,8,10,9,9,0,7,10,8.46
appear,attend,0,9,0,3,9,0,1,3,7,5,1,0,7,3.46
know,comprehend,4,9,9,5,10,5,8,6,4,9,5,8,8,6.92
pretend,imagine,9,10,5,6,10,5,9,10,7,0,2,7,7,6.69
satisfy,please,7,0,10,7,10,8,9,5,0,8,6,0,9,6.08
cherish,keep,7,7,0,0,9,1,0,7,0,5,1,8,0,3.46
argue,differ,6,9,9,4,10,3,8,8,1,3,0,8,5,5.69
overcome,dominate,2,4,10,0,0,0,3,7,0,9,8,8,7,4.46
behave,obey,7,10,10,5,10,9,7,6,2,7,2,8,8,7.00
cooperate,participate,7,6,6,4,0,5,8,5,5,9,6,7,2,5.38
achieve,try,2,0,0,0,7,2,7,4,1,0,1,0,0,1.85
fail,discourage,4,0,1,0,1,4,2,4,7,5,7,1,0,2.77
begin,quit,0,0,0,0,0,0,0,0,0,0,0,0,0,0.00
say,participate,0,0,0,0,0,0,5,6,4,6,0,0,0,1.62
come,bring,3,0,0,0,0,0,1,5,1,6,5,0,0,1.62
declare,announce,9,10,8,8,10,8,9,7,3,9,8,8,9,8.15
read,comprehend,5,8,8,1,9,0,6,7,6,6,1,3,5,5.00
take,leave,0,0,0,0,0,0,0,0,0,0,0,0,0,0.00
proclaim,announce,9,10,9,8,10,9,9,8,1,9,7,7,9,8.08
acquire,obtain,9,10,10,10,10,10,9,10,10,9,7,10,9,9.46
conclude,decide,7,9,10,2,9,3,9,3,4,9,5,7,3,6.15
please,plead,4,0,0,0,0,0,0,3,0,0,2,5,0,1.08
argue,prove,7,0,0,0,8,0,6,5,7,10,3,1,6,4.08
ask,plead,8,10,5,5,9,8,8,7,0,8,2,4,5,6.08
find,disappear,0,0,0,0,0,0,1,0,0,0,0,0,0,0.08
inspect,examine,8,10,10,9,10,10,9,8,9,9,9,9,9,9.15
verify,justify,8,1,0,0,8,4,5,6,1,6,1,0,0,3.08
assume,predict,5,7,0,0,8,0,4,7,0,9,2,3,1,3.54
learn,evaluate,7,0,5,0,8,3,3,4,4,6,0,1,2,3.31
argue,justify,7,5,0,0,9,0,8,7,3,8,1,0,7,4.23
make,become,3,4,6,5,4,4,0,1,3,0,0,1,1,2.46
discover,originate,0,0,6,4,0,3,8,2,0,0,1,0,1,1.92
achieve,succeed,8,9,8,1,10,9,9,9,10,8,2,8,9,7.69
give,put,1,0,4,6,2,8,0,7,3,6,6,5,1,3.77
understand,listen,3,8,7,0,3,9,0,8,4,0,6,6,3,4.38
expand,grow,7,10,8,0,7,9,10,8,7,8,1,5,8,6.77
borrow,sell,0,0,0,2,0,1,0,1,0,0,0,0,1,0.38
keep,protect,0,1,6,3,6,9,0,1,3,0,5,8,1,3.31
explain,prove,8,0,7,5,7,6,8,6,6,0,0,2,3,4.46
assume,pretend,3,0,2,6,6,2,0,3,0,0,1,5,3,2.38
agree,please,1,0,3,2,0,2,0,3,0,0,2,1,1,1.15
forgive,forget,2,0,2,2,5,9,0,7,10,0,5,5,1,3.69
clarify,explain,8,8,8,7,8,8,10,9,9,10,0,6,9,7.69
understand,forgive,3,0,1,2,4,1,0,7,5,0,3,1,2,2.23
remind,forget,2,0,0,4,0,1,0,1,0,0,0,0,0,0.62
get,remain,0,0,2,0,0,9,0,9,0,0,4,0,2,2.00
realize,discover,5,0,7,5,2,8,0,1,4,0,1,6,2,3.15
require,inquire,2,0,1,2,0,6,0,4,3,0,2,1,1,1.69
ignore,ask,0,0,0,1,0,7,0,9,0,0,2,0,1,1.54
think,inquire,3,6,6,5,0,4,0,1,0,0,0,1,1,2.08
reject,avoid,6,3,5,1,3,9,10,8,7,9,2,7,7,5.92
argue,persuade,6,5,8,2,6,4,0,8,0,0,7,5,2,4.08
pursue,persuade,1,0,2,0,0,7,0,7,1,0,6,2,4,2.31
accept,forgive,3,4,5,2,3,8,0,8,4,0,2,2,2,3.31
do,quit,0,0,0,4,0,1,0,3,0,0,0,0,0,0.62
investigate,examine,7,4,7,4,9,9,9,9,4,8,2,8,8,6.77
discuss,explain,7,7,7,0,5,8,8,9,3,0,0,7,7,5.23
owe,lend,2,0,0,0,5,1,0,1,0,0,0,3,1,1.00
explore,discover,8,8,8,3,4,8,0,9,5,9,2,10,9,6.38
complain,argue,6,2,5,2,7,5,0,8,0,0,3,7,9,4.15
withdraw,reject,6,0,6,1,2,5,10,5,9,10,0,7,7,5.23
keep,borrow,3,0,0,0,1,2,0,1,0,0,3,0,0,0.77
beg,ask,8,7,5,5,6,1,0,1,0,0,0,2,1,2.77
arrange,organize,8,8,8,6,7,6,0,2,0,0,1,7,10,4.85
reduce,shrink,7,9,7,5,9,8,0,5,0,0,3,7,7,5.15
speak,acknowledge,3,1,7,5,0,8,0,6,1,0,0,2,1,2.62
give,borrow,1,0,0,0,0,4,0,7,5,0,0,3,1,1.62
kill,defend,0,0,3,1,0,0,0,1,0,0,2,2,0,0.69
disappear,shrink,4,9,6,1,0,8,0,6,0,0,7,1,1,3.31
deliver,carry,1,0,6,1,0,2,0,0,0,0,2,3,4,1.46
breathe,choke,0,0,0,3,0,1,0,1,0,0,0,1,4,0.77
acknowledge,notify,5,7,7,5,0,7,0,7,5,0,2,2,5,4.00
become,seem,7,0,4,0,1,9,8,1,1,8,1,0,3,3.31
pretend,seem,3,0,3,1,0,6,10,6,5,8,1,6,0,3.77
accomplish,become,0,8,6,4,4,9,0,9,1,8,3,2,8,4.77
contemplate,think,9,8,10,2,4,7,0,3,6,0,0,6,8,4.85
determine,predict,6,4,6,2,6,7,0,3,2,0,2,2,2,3.23
please,entertain,6,0,6,6,0,1,0,4,0,0,0,1,1,1.92
remain,retain,3,0,6,4,6,8,0,9,6,8,3,6,3,4.77
pretend,portray,2,1,5,3,7,1,0,8,0,0,1,0,0,2.15
forget,retain,0,0,1,0,5,0,1,2,0,0,1,3,1,1.08
want,choose,8,5,6,2,5,0,3,4,1,0,5,7,1,3.62
lose,get,0,0,0,0,4,0,1,2,0,0,1,3,1,0.92
try,think,8,0,1,0,4,0,1,3,4,1,1,4,2,2.23
become,appear,8,0,8,0,1,2,1,3,3,1,1,7,10,3.46
leave,ignore,1,0,7,2,4,6,3,7,8,9,1,7,3,4.46
accept,recommend,0,0,7,0,1,0,2,1,5,1,4,5,2,2.15
leave,wander,1,0,1,1,4,8,1,7,3,2,1,2,2,2.54
keep,give,0,0,0,0,2,0,1,6,0,3,1,3,2,1.38
give,allow,8,0,5,0,2,2,4,8,0,3,1,6,7,3.54
bring,send,0,0,0,0,4,0,2,2,0,0,1,3,2,1.08
absorb,learn,9,3,9,2,0,1,3,4,4,5,6,8,3,4.38
acquire,find,8,2,10,9,4,5,1,9,3,8,1,5,1,5.08
leave,appear,0,0,1,0,0,0,1,3,0,0,1,2,2,0.77
create,destroy,0,0,1,0,0,0,2,0,0,0,1,3,1,0.62
begin,go,10,4,9,2,9,8,4,0,4,5,1,6,9,5.46
get,buy,9,3,9,3,3,5,6,5,2,1,1,6,10,4.85
collect,save,10,5,9,7,3,10,1,6,0,0,1,4,1,4.38
replace,restore,1,0,5,3,4,0,5,8,1,0,2,4,6,3.00
join,add,9,5,10,9,3,5,8,9,7,7,1,3,7,6.38
join,marry,10,0,9,8,5,1,8,1,7,6,1,9,9,5.69
accept,deliver,0,0,2,0,1,0,1,0,2,1,1,4,1,1.00
attach,join,10,3,9,8,1,10,8,9,7,7,1,4,2,6.08
put,hang,8,0,7,0,0,5,5,1,3,4,1,2,2,2.92
go,sell,1,0,1,0,6,0,3,2,1,0,1,4,8,2.08
communicate,pray,1,0,1,0,2,1,3,2,6,6,1,3,5,2.38
give,steal,0,0,0,0,3,0,1,3,1,3,1,3,2,1.31
add,build,1,3,6,3,6,0,1,2,4,1,1,6,3,2.85
bring,restore,0,0,2,0,5,0,5,2,1,2,6,3,10,2.77
comprehend,satisfy,1,2,7,0,1,0,2,3,0,0,1,6,7,2.31
portray,decide,1,0,1,0,1,0,2,4,0,6,1,3,6,1.92
organize,become,1,0,1,0,7,0,4,2,0,0,1,4,4,1.85
give,know,1,0,1,0,0,0,1,2,0,0,1,2,2,0.77
say,verify,9,0,7,2,2,3,2,3,0,0,1,4,2,2.69
cooperate,join,1,6,9,3,2,0,2,6,6,5,6,6,3,4.23
arrange,require,0,0,6,0,2,0,1,3,0,0,1,2,9,1.85
borrow,want,1,0,2,0,4,0,1,7,4,1,1,3,2,2.00
investigate,pursue,9,0,9,6,3,8,3,8,0,1,5,8,9,5.31
ignore,explore,0,0,1,0,0,0,1,2,0,0,1,2,2,0.69
bring,complain,0,0,1,0,3,0,1,0,0,0,1,0,9,1.15
enter,owe,0,0,1,0,6,0,1,0,0,0,1,1,3,1.00
portray,notify,0,0,3,0,4,0,1,2,2,3,1,3,2,1.62
remind,sell,0,0,0,0,1,0,1,2,0,0,1,1,3,0.69
absorb,possess,8,0,8,0,1,0,5,2,1,0,1,6,9,3.15
join,acquire,1,0,2,0,7,0,2,5,4,2,1,3,1,2.15
send,attend,0,0,1,0,4,0,2,5,0,1,1,4,9,2.08
gather,attend,1,5,4,1,1,0,2,3,1,1,1,7,10,2.85
absorb,withdraw,0,0,0,0,0,0,1,3,0,0,1,2,7,1.08
attend,arrive,9,5,8,1,2,3,5,9,5,6,8,7,1,5.31
