Word1,Word2,1,2,3,4,5,6,7,8,9,10,11,12,13,Average Score
alt,neu,0,0,0,0,0,0,0,1,0,0,0,0,0,0.08
klug,intelligent,10,9,9,10,10,9,10,10,10,10,10,9,10,9.69
schwer,schwierig,9,9,10,10,6,8,10,8,10,10,10,10,10,9.23
glücklich,fröhlich,10,8,10,10,9,8,10,9,10,9,10,10,10,9.46
schwer,leicht,0,0,1,0,0,0,0,1,0,0,0,0,0,0.15
schnell,rasant,10,9,9,10,10,8,10,9,9,7,10,9,10,9.23
glücklich,freudig,10,8,10,10,8,6,10,9,10,8,10,10,10,9.15
kurz,lang,0,0,1,0,0,0,0,1,0,0,0,1,0,0.23
dumm,blöd,10,9,9,9,10,9,10,9,8,10,10,10,10,9.46
sonderbar,eigentümlich,8,9,9,9,10,7,10,8,5,7,10,6,10,8.31
weit,eng,0,0,0,3,0,0,0,1,0,0,0,0,0,0.31
schlecht,schrecklich,10,0,9,8,0,5,10,8,9,8,2,9,10,6.77
leicht,schwierig,0,0,0,0,0,0,0,1,0,0,0,1,0,0.15
schlecht,furchtbar,10,0,9,9,2,7,10,9,9,8,8,8,10,7.62
schwer,einfach,0,0,0,0,0,0,0,1,0,0,0,1,0,0.15
klug,blöd,0,0,0,0,0,0,0,1,0,0,0,1,0,0.15
wahnsinnig,verrückt,10,9,9,10,7,10,10,10,10,10,10,9,10,9.54
glücklich,irre,0,0,1,7,0,0,0,0,0,0,0,1,5,1.08
groß,riesig,10,9,9,10,8,8,10,10,9,8,10,9,10,9.23
hart,zäh,7,9,5,10,0,4,10,8,9,8,10,0,10,6.92
neu,frisch,10,9,8,10,7,7,10,7,9,5,8,8,10,8.31
scharf,stumpf,0,0,0,0,0,0,0,1,0,0,0,1,0,0.15
rasch,rasant,10,9,9,10,10,8,10,8,10,10,10,7,10,9.31
blöd,töricht,10,8,5,9,7,2,10,8,0,5,10,8,10,7.08
wunderbar,fantastisch,10,9,10,10,10,7,10,8,9,10,10,8,10,9.31
eigentümlich,seltsam,0,9,9,9,8,7,10,9,1,6,10,4,10,7.08
glücklich,ärgerlich,0,0,1,0,0,0,0,1,0,0,0,1,0,0.23
eng,breit,0,0,1,0,0,0,0,1,0,0,0,1,0,0.23
einfach,leicht,10,9,9,10,8,10,10,9,10,10,10,9,10,9.54
alt,frisch,0,0,0,0,0,0,0,1,0,0,0,1,0,0.15
offentkundig,offensichtlich,6,9,5,8,10,0,0,10,1,10,10,8,10,6.69
preiswert,billig,10,9,5,7,10,5,10,9,9,9,10,10,10,8.69
nett,großmütig,10,9,9,7,0,0,0,6,5,0,0,7,10,4.85
sonderbar,normal,0,0,1,0,0,0,0,1,0,0,0,1,0,0.23
sonderbar,seltsam,8,9,9,7,10,8,10,9,9,10,10,6,10,8.85
schlecht,unmoralisch,10,8,5,9,0,1,0,7,0,8,2,8,5,4.85
traurig,lustig,0,0,0,0,0,0,0,1,0,0,0,1,0,0.15
wunderbar,großartig,10,9,10,10,10,7,10,9,9,9,10,8,10,9.31
schuldig,beschämt,7,0,1,7,0,2,10,5,1,0,10,8,10,4.69
schön,wunderbar,9,9,9,10,6,7,10,7,9,5,10,9,10,8.46
zuversichtlich,sicher,10,9,5,8,10,7,10,7,10,10,5,8,10,8.38
blöd,unterbelichtet,10,9,9,1,8,6,10,6,0,10,10,8,10,7.46
umfangreich,groß,10,9,5,10,8,7,10,7,9,0,8,7,10,7.69
nett,grausam,0,0,1,0,0,0,0,0,0,0,0,0,0,0.08
ungeduldig,nervös,7,9,9,10,0,4,10,7,1,6,6,8,10,6.69
groß,breit,10,0,1,6,0,3,10,7,7,8,10,8,10,6.15
stark,stolz,0,0,7,8,0,1,10,4,7,0,1,6,5,3.77
unnötig,notwendig,0,0,2,0,0,0,0,1,0,0,0,8,0,0.85
rastlos,jung,0,0,0,7,0,1,0,3,0,0,5,2,5,1.77
blöd,intelligent,0,0,0,0,0,0,0,1,0,0,0,0,0,0.08
schlecht,großartig,0,0,0,0,2,0,1,5,0,2,0,0,1,0.85
schwierig,einfach,3,0,0,0,5,0,0,5,0,1,0,0,1,1.15
notwendig,wichtig,10,8,8,9,10,5,8,10,9,7,9,9,8,8.46
schlecht,schrecklich,6,3,1,7,6,5,3,7,5,7,2,9,10,5.46
irre,froh,0,0,0,0,3,0,1,6,1,3,0,5,7,2.00
ehrlich,schuldig,2,0,0,0,2,0,2,2,0,2,0,5,1,1.23
leicht,hart,3,0,0,0,5,0,2,5,0,3,0,0,0,1.38
leicht,flexibel,9,0,1,4,8,0,1,8,2,2,0,3,6,3.38
gewiss,sicher,8,8,8,10,9,10,7,9,9,7,10,8,6,8.38
wesentlich,notwendig,10,7,3,9,9,7,8,9,9,6,10,10,7,8.00
anders,normal,6,0,0,0,1,0,0,1,0,2,0,0,1,0.85
gerissen,schlau,10,7,6,9,10,6,9,10,7,2,10,0,1,6.69
entscheidend,wichtig,10,7,4,8,9,5,6,10,9,4,8,10,9,7.62
harsch,grausam,8,4,4,6,7,1,5,7,2,2,0,7,8,4.69
kindisch,töricht,3,1,4,6,9,9,3,9,7,3,0,6,7,5.15
selten,rar,10,9,9,10,9,10,10,10,10,8,10,10,9,9.54
freundlich,großmütig,9,6,2,2,8,1,6,8,7,3,0,5,7,4.92
zerbrechlich,eisig,7,1,0,2,2,0,1,2,2,1,0,0,6,1.85
lang,schmal,10,5,0,3,1,0,3,1,6,4,0,3,6,3.23
dick,schwer,8,6,1,8,10,0,7,10,2,2,0,0,9,4.85
grob,kühl,2,7,0,0,5,0,3,6,4,1,0,0,2,2.31
absonderlich,fremdartig,8,8,5,9,9,0,4,9,8,3,8,9,7,6.69
illegal,unmoralisch,7,7,1,5,7,0,6,7,6,2,0,8,7,4.85
schlecht,schuldig,6,2,0,1,6,0,6,6,3,3,0,2,6,3.15
modern,antik,4,0,0,0,5,0,0,5,0,2,0,0,1,1.31
neu,antik,5,0,0,0,0,0,2,0,0,1,0,0,0,0.62
fade,lustig,0,0,0,0,1,0,1,1,0,3,0,0,5,0.85
glücklich,jung,9,2,0,1,8,0,2,8,4,2,0,0,2,2.92
leicht,dick,1,0,0,0,1,0,0,1,0,4,0,0,1,0.62
großartig,schrecklich,0,0,0,0,3,0,0,3,0,2,0,0,1,0.69
winzig,riesig,5,0,0,0,5,0,0,5,0,2,0,0,1,1.38
höflich,schicklich,4,8,0,9,3,5,4,3,7,4,1,9,7,4.92
bescheiden,beschämt,7,2,0,0,7,0,1,7,1,2,0,2,2,2.38
exotisch,rar,7,8,5,9,8,3,5,8,9,4,10,9,8,7.15
blöd,schlau,2,0,0,0,5,0,0,5,0,2,0,0,0,1.08
entzückend,wunderbar,8,7,6,8,10,5,7,10,8,2,9,10,9,7.62
auffallend,offensichtlich,10,6,4,7,2,10,6,2,9,4,4,10,9,6.38
besorgt,ängstlich,8,7,1,8,10,5,8,10,6,5,5,5,8,6.62
förmlich,schicklich,2,5,0,6,6,0,3,6,3,4,0,8,9,4.00
trostlos,fade,8,5,4,10,10,0,9,10,8,8,7,0,8,6.69
entzückend,fröhlich,8,8,1,6,7,0,6,8,5,2,1,4,7,4.85
unglücklich,irre,1,1,0,0,5,0,6,6,1,2,0,3,1,2.00
traurig,furchtbar,8,1,0,1,7,0,5,7,6,2,0,9,6,4.00
krank,verrückt,6,3,0,0,6,4,2,6,6,1,0,8,6,3.69
gewalttätig,wütend,9,2,1,6,10,0,7,10,6,4,2,8,6,5.46
belanden,schwer,9,1,1,8,4,2,4,4,4,3,0,0,8,3.69
dreckig,billig,3,1,0,1,8,0,3,8,1,2,0,5,5,2.85
elastisch,flexibel,10,7,7,9,7,10,10,8,10,6,3,9,10,8.15
hart,dicht,3,2,0,2,2,0,3,7,2,1,0,0,2,1.85
neulich,neu,5,0,0,4,0,2,1,0,3,1,0,4,8,2.15
kühn,stolz,4,10,5,5,5,6,4,7,8,7,7,7,6,6.23
verschlagen,seltsam,7,5,4,5,5,6,2,7,8,2,0,1,8,4.62
seltsam,verschlagen,8,5,0,8,2,8,3,8,8,4,2,3,7,5.08
sprachlos,rar,4,0,0,1,1,0,7,5,5,2,0,2,3,2.31
gerissen,hartnäckig,7,0,2,1,7,4,7,4,2,5,6,1,5,3.92
fantastisch,irre,7,5,0,2,1,4,6,8,8,6,1,2,7,4.38
beschweiden,anpassungsfähig,6,5,0,3,0,6,5,4,6,5,0,3,5,3.69
frisch,weit,3,0,0,0,1,0,3,1,2,6,0,1,3,1.54
riesig,sprachlos,3,0,0,0,3,0,4,2,0,3,0,1,1,1.31
umfangreich,nachgiebig,6,0,0,3,3,1,6,6,4,5,0,2,4,3.08
schmutzig,schmal,1,0,0,2,1,0,2,0,2,3,0,2,2,1.15
Ehefrau,Ehemann,10,5,8,6,5,5,8,3,7,7,8,4,10,6.62
Buch,Text,6,0,10,3,6,9,5,7,8,6,8,6,7,6.23
Bräutigam,Braut,10,5,10,3,8,5,7,1,5,6,8,5,10,6.38
Nacht,Tag,8,5,8,1,3,5,2,3,4,3,9,1,10,4.77
Süden,Norden,8,5,5,1,4,2,1,1,3,5,8,1,7,3.92
Flugzeug,Flughafen,9,0,8,3,6,8,6,6,4,5,9,4,8,5.85
Onkel,Tante,7,5,8,4,7,5,7,3,5,8,2,3,6,5.38
Pferd,Stute,5,10,10,3,7,5,8,8,5,7,2,8,8,6.62
Unterseite,Oberseite,10,5,8,4,1,1,3,2,5,6,10,1,10,5.08
Freund,Kumpel,9,10,10,5,8,8,2,9,10,8,9,9,8,8.08
Student,Schüler,9,5,10,8,9,10,9,7,8,9,9,10,9,8.62
Welt,Globus,10,5,9,2,6,7,9,10,9,6,5,8,9,7.31
Bein,Arm,6,0,9,4,4,5,7,0,6,5,3,1,9,4.54
Flugzeug,Düsenflugzeug,9,10,10,7,8,7,9,10,9,8,3,8,9,8.23
Frau,Mann,9,5,8,5,2,5,3,2,7,4,6,1,7,4.92
Pferd,Fohlen,5,10,9,2,8,7,8,9,6,7,8,8,9,7.38
Schauspielerin,Schauspieler,9,5,10,9,9,4,10,6,7,6,10,10,8,7.92
Lehrer,Ausbilder,6,10,10,4,9,10,9,10,5,9,7,9,7,8.08
Film,Streifen,2,10,3,6,5,7,7,8,8,3,7,8,7,6.23
Vogel,Habicht,10,0,10,4,5,8,8,6,8,7,5,1,7,6.08
Wort,Wörterbuch,6,5,8,2,6,9,8,7,7,8,4,7,8,6.54
Geld,Gehalt,9,10,9,4,10,8,9,9,8,7,3,8,10,8.00
Hund,Katze,6,5,7,3,3,4,4,1,5,1,7,1,4,3.92
Gegend,Region,10,10,10,3,9,9,9,10,9,5,9,9,5,8.23
Marine,Armee,8,5,8,5,7,7,8,8,7,8,9,8,10,7.54
Buch,Literatur,7,10,10,6,7,8,8,9,8,2,6,8,6,7.31
Kleider,Schrank,6,0,7,2,1,3,3,4,4,1,2,6,8,3.62
Sonnenuntergang,Sonnenaufgang,8,5,8,2,7,5,8,3,6,7,10,1,6,5.85
Kind,Erwachsener,5,5,7,5,4,3,2,2,5,5,8,1,9,4.69
Kuh,Herde,8,0,8,4,5,7,7,0,6,6,0,9,10,5.38
Buch,Geschichte,7,0,9,2,0,10,8,7,7,4,2,8,6,5.38
Winter,Sommer,10,5,8,5,5,5,2,1,5,6,8,1,8,5.31
Taxi,Taxe,7,10,10,2,7,9,7,10,10,0,0,7,9,6.77
Baum,Ahorn,8,0,10,9,6,6,9,7,9,6,7,5,10,7.08
Bett,Schlafzimmer,9,0,10,2,5,7,8,7,7,6,4,4,9,6.00
Dach,Decke,5,5,6,3,5,3,8,1,8,5,5,9,4,5.15
Krankheit,Infektion,8,5,9,7,6,7,6,9,8,5,6,9,7,7.08
Arm,Schulter,7,5,5,4,5,7,8,3,7,7,5,6,8,5.92
Schaf,Lamm,5,10,10,0,9,9,9,6,5,7,9,8,10,7.46
Dame,Herr,2,0,0,10,5,2,2,7,5,1,0,0,0,2.62
Boot,Anker,3,3,7,8,5,6,4,9,8,3,0,10,1,5.15
Priester,Mönch,7,6,8,10,9,7,8,8,8,9,5,10,2,7.46
Zeh,Finger,3,3,1,7,6,6,1,8,4,1,0,0,3,3.31
Fluss,Strom,8,8,5,0,9,8,8,8,10,9,10,2,7,7.08
Zorn,Wut,10,7,10,10,8,10,9,8,10,9,10,10,8,9.15
Datum,Kalender,7,3,4,8,8,6,2,9,9,4,0,10,3,5.62
Meer,Ozean,10,9,6,9,10,8,10,10,7,10,10,5,7,8.54
Sekunde,Minute,3,3,1,6,8,5,0,8,3,6,0,0,2,3.46
Hand,Daumen,6,5,2,9,8,2,3,8,9,6,0,6,2,5.08
Holz,Scheit,6,6,10,9,9,6,3,8,10,8,10,8,3,7.38
Schlamm,Schmutz,4,6,5,9,9,6,3,9,7,7,10,10,3,6.77
Flur,Gang,10,9,6,9,10,8,4,9,10,10,10,10,8,8.69
Weise,Art,5,0,5,0,9,9,1,3,10,9,10,8,8,5.92
Maus,Katze,2,0,1,5,4,5,3,7,3,2,0,0,0,2.46
Polizist,Sheriff,10,6,0,10,10,10,9,10,10,10,10,9,4,8.31
Tod,Beerdigung,5,3,4,10,10,5,8,9,6,7,0,10,3,6.15
Musik,Melodie,6,7,2,10,10,7,6,8,9,8,10,10,5,7.54
Bier,Alkohol,2,6,3,10,10,6,3,8,9,7,0,10,4,6.00
Mund,Lippe,8,4,7,10,8,6,8,8,9,7,3,10,3,7.00
Sturm,Orkan,10,7,10,9,9,9,7,9,8,9,10,10,8,8.85
Steuer,Einkommen,0,3,2,10,5,3,8,7,7,4,0,8,2,4.54
Blume,Veilchen,4,2,2,8,10,8,4,10,9,5,10,7,3,6.31
Papier,Pappe,6,6,10,10,9,5,2,9,9,7,7,4,6,6.92
Boden,Decke,0,0,2,9,5,4,3,7,0,4,0,0,0,2.62
Strand,Küste,3,5,8,1,10,7,9,9,10,6,10,0,7,6.54
Stange,Vorhang,0,0,5,7,2,2,3,8,4,3,0,0,2,2.77
Jagdhund,Fuchs,0,0,7,10,2,2,3,8,5,5,0,0,1,3.31
Straße,Gasse,8,7,5,8,7,7,7,6,6,9,10,5,7,7.08
Boot,Deck,4,2,4,8,6,2,7,7,7,5,0,10,3,5.00
Auto,Hupe,2,3,1,5,4,6,2,8,8,5,0,0,1,3.46
Freund,Gast,3,0,10,10,8,7,3,7,4,7,0,10,0,5.31
Arbeitgeber,Arbeitnehmer,0,0,5,3,6,2,2,8,7,4,0,0,0,2.85
Hand,Handgelenk,8,4,3,10,8,4,4,7,7,7,0,10,2,5.69
Kugel,Kanone,4,0,1,8,9,6,5,9,8,5,0,0,0,4.23
Alkohol,Branntwein,5,6,10,8,10,6,8,8,9,7,5,10,6,7.54
Sieg,Triumph,8,7,4,9,9,8,8,10,10,9,10,10,8,8.46
Telefon,Zelle,0,4,4,3,7,7,6,8,0,2,0,0,0,3.15
Tür,Eingang,10,7,3,10,10,7,6,9,6,8,0,6,7,6.85
Motel,Herberge,6,5,9,10,9,8,6,9,7,8,10,0,3,6.92
Kleidung,Stoff,3,7,3,8,8,3,5,9,8,7,4,10,4,6.08
Steak,Fleisch,7,5,1,7,10,6,7,10,9,8,5,10,4,6.85
Nagel,Daumen,2,3,6,10,7,2,3,8,8,5,0,10,5,5.31
Kapelle,Orchester,7,6,1,10,9,5,7,8,9,7,10,8,5,7.08
Buch,Bibel,4,4,10,10,7,6,3,9,7,8,5,5,2,6.15
Unternehmen,Industrie,4,7,9,10,9,7,4,7,7,8,10,2,3,6.69
Winter,Jahreszeit,7,6,10,8,9,4,3,8,9,6,10,10,3,7.15
Jahrzehnt,Jahrhundert,4,3,4,10,8,6,4,9,5,4,0,10,2,5.31
Alkohol,Gin,2,4,10,10,10,6,4,8,9,9,5,10,5,7.08
Hut,Mantel,2,0,7,1,5,5,0,7,6,6,0,0,0,3.00
Fenster,Tür,7,2,5,6,4,1,3,3,0,7,5,5,5,4.08
Arm,Gelenk,5,4,5,7,1,0,2,3,2,8,6,9,8,4.62
Haus,Wohnung,0,5,7,8,5,6,9,5,5,9,9,10,8,6.62
Glass,Kristall,1,6,9,7,7,4,8,6,6,8,7,3,9,6.23
Wein,Branntwein,9,3,9,8,1,6,7,7,7,7,9,8,2,6.38
Schöpfer,Hersteller,8,9,10,7,7,6,10,9,9,9,10,10,9,8.69
Abendessen,Frühstück,2,1,5,6,3,0,1,4,2,2,5,9,2,3.23
Arm,Muskel,7,2,6,7,7,2,6,3,1,8,7,7,10,5.62
Blase,Schaum,0,6,1,4,5,2,3,5,1,8,1,2,6,3.38
Brot,Mehl,8,2,9,9,9,4,10,3,2,6,6,7,9,6.46
Tod,Tragödie,5,7,9,6,7,7,6,7,6,7,10,9,10,7.38
Abwesenheit,Anwesenheit,5,3,5,5,9,0,4,2,0,8,5,9,9,4.92
Pistole,Kanone,1,3,8,7,4,5,2,8,9,6,10,7,8,6.00
Gras,Halm,10,8,8,7,2,7,6,5,8,0,7,8,4,6.15
Ball,Korb,0,2,4,6,5,1,6,3,0,1,2,6,8,3.38
Schlauch,Garten,4,3,5,4,5,0,7,4,0,0,4,8,9,4.08
Junge,Kind,5,8,9,9,6,7,6,2,7,7,8,10,7,7.00
Kirche,Chor,3,2,9,8,3,3,2,3,1,8,3,9,6,4.62
Kleidung,Schublade,3,0,7,3,0,0,0,3,0,6,9,10,7,3.69
Turm,Glocke,2,1,7,6,2,4,4,3,0,8,4,7,10,4.46
Vater,Elternteil,10,6,10,8,4,6,4,5,8,6,9,8,7,7.00
Schule,Note,1,3,8,8,3,1,8,3,0,8,9,10,6,5.23
Elternteil,Erwachsener,5,5,8,8,7,6,5,4,7,0,8,6,7,5.85
Stab,Gefängnis,2,0,1,2,3,0,2,2,0,1,8,5,8,2.62
Auto,Autobahn,10,2,9,7,3,1,7,2,1,8,10,10,8,6.00
Wörterbuch,Definition,10,1,7,7,8,3,5,5,5,8,9,5,8,6.23
Tür,Keller,8,1,2,3,9,0,6,1,0,6,3,8,7,4.15
Armee,Legion,9,8,8,8,1,7,8,7,8,8,9,10,4,7.31
Metall,Aluminium,3,2,10,8,3,8,4,3,7,7,8,9,7,6.08
Stuhl,Bank,1,3,5,8,3,2,5,5,5,9,7,9,8,5.38
Wolke,Nebel,9,7,9,6,1,2,5,1,4,6,9,5,9,5.62
Junge,Sohn,3,8,9,9,10,2,8,8,8,7,10,5,9,7.38
Wasser,eisig,0,7,5,5,8,1,0,2,7,5,3,4,4,3.92
Bett,Decke,6,2,9,7,6,4,8,4,0,6,6,8,6,5.54
Staatsanwalt,Rechtsanwalt,10,5,10,8,5,7,5,7,6,10,8,10,5,7.38
Gebiet,Zone,3,8,10,9,3,8,10,8,7,9,8,5,5,7.15
Unternehmen,Betrieb,10,9,10,9,4,8,9,9,8,9,9,10,9,8.69
Kleidung,Gewebe,4,3,9,5,6,6,5,2,4,7,6,7,4,5.23
Pullover,Jacke,3,4,5,6,2,2,5,4,4,5,10,5,7,4.77
Geld,Vermögen,7,6,10,8,5,6,7,7,8,9,9,10,7,7.62
Hand,Fuß,3,2,5,8,2,0,6,2,0,5,7,6,5,3.92
Alkohol,Cocktail,9,3,10,7,2,6,5,4,5,8,8,9,7,6.38
Meter,Zentimeter,6,5,8,8,3,4,9,7,3,10,5,9,9,6.62
Molekül,Atom,10,8,8,9,3,8,8,6,8,8,6,10,2,7.23
Linse,Kamera,1,2,9,9,3,8,5,4,2,7,7,7,10,5.69
Mahlzeit,Abendessen,3,6,8,9,4,7,9,8,6,1,7,8,8,6.46
Auge,Träne,6,2,9,8,5,1,7,3,3,10,5,8,5,5.54
Gott,Teufel,2,2,5,5,5,1,7,1,0,0,4,8,5,3.46
Schlaufe,Gürtel,1,1,10,8,8,6,4,1,0,5,6,6,5,4.69
Ratte,Maus,2,5,8,8,5,8,7,4,7,7,8,6,6,6.23
Motor,Antrieb,10,4,10,10,9,8,7,4,3,3,9,7,7,7.00
Auto,Taxi,7,3,9,5,9,7,1,0,2,1,6,10,4,4.92
Katze,Löwe,8,5,5,5,9,6,4,0,1,2,6,8,5,4.92
Größe,Ausmaß,1,7,10,10,9,8,4,8,1,3,3,9,10,6.38
Wirklichkeit,Fantasie,0,0,3,0,0,0,0,0,1,0,3,1,1,0.69
Türe,Tor,4,4,8,10,9,8,6,0,4,4,10,9,7,6.38
Katze,Haustier,6,5,10,10,10,6,2,0,2,1,3,10,1,5.08
Blech,Aluminium,2,1,9,5,7,6,1,0,2,1,6,8,4,4.00
Knochen,Kiefer,7,5,8,10,8,7,1,0,1,1,6,3,3,4.62
Getreide,Weizen,9,5,10,10,9,7,4,5,1,1,9,3,10,6.38
Haus,Schlüssel,0,2,8,0,5,4,0,0,1,0,3,10,0,2.54
Blut,Fleisch,0,2,6,0,3,2,0,0,1,0,3,6,1,1.85
Tür,Flur,0,1,5,0,7,2,0,0,0,0,3,10,0,2.15
Gott,Geist,0,8,1,10,4,5,0,0,4,2,7,7,0,3.69
Fähigkeit,Kompetenz,2,9,10,9,9,8,5,8,6,3,6,9,8,7.08
Überschwang,Überfluss,0,8,8,9,10,6,8,6,5,0,7,0,9,5.85
Sofa,Stuhl,0,2,5,0,5,4,1,0,1,2,3,8,4,2.69
Mauer,Ziegel,4,5,10,8,9,6,0,0,2,0,8,6,4,4.77
Horn,Trommel,0,2,5,0,7,1,0,0,1,0,1,8,0,1.92
Organ,Leber,10,3,10,10,9,8,3,0,2,1,7,10,2,5.77
Kraft,Macht,0,8,2,5,5,6,4,0,6,1,7,8,8,4.62
Begriff,Wort,0,6,8,10,9,9,0,5,7,1,7,4,6,5.54
Kapelle,Parade,0,6,0,10,0,0,0,0,1,0,3,4,1,1.92
Bauch,Taille,1,5,4,8,8,7,0,5,4,1,6,3,3,4.23
Wolke,Sturm,0,3,3,8,3,3,0,0,3,0,2,3,3,2.38
Freude,Stolz,0,5,8,0,5,6,5,0,2,0,10,5,3,3.77
Lärm,Gerassel,0,6,7,5,8,7,1,5,2,3,8,6,6,4.92
Regen,Dunst,3,3,7,5,3,5,3,0,2,1,3,6,1,3.23
Bier,Getränk,10,4,10,10,9,6,3,2,2,1,6,10,6,6.08
Mann,Onkel,5,5,5,10,9,3,1,0,1,1,3,6,3,4.00
Apfel,Saft,0,5,5,0,5,2,0,0,0,0,6,7,2,2.46
Intelligenz,Logik,0,7,7,10,9,6,4,0,6,2,6,9,5,5.46
Verständigung,Sprache,8,6,10,10,8,8,2,0,3,1,6,8,5,5.77
Nerz,Pelz,8,9,8,10,10,7,1,0,2,1,9,2,6,5.62
Menschenmenge,Gedränge,0,5,8,5,9,8,4,2,7,3,7,5,0,4.85
Ufer,Küste,7,9,10,10,7,9,6,5,6,1,9,2,7,6.77
Leitung,Kabel,7,6,8,10,8,7,5,5,1,4,10,9,8,6.77
Vogel,Truthahn,9,4,9,5,7,5,1,0,4,1,7,10,5,5.15
Bett,Krippe,3,5,7,10,2,4,4,0,2,0,6,7,6,4.31
Befähigung,Können,0,7,10,5,10,9,8,8,3,3,7,3,8,6.23
Wolke,Dunstschleier,2,4,7,8,9,2,3,0,4,4,7,3,5,4.46
Abendmahl,Mahlzeit,7,6,9,8,9,1,5,5,3,1,9,1,5,5.31
Stab,Käfig,0,2,1,0,9,3,0,0,1,0,3,6,0,1.92
Wasser,Salz,0,0,3,0,1,0,0,0,2,0,2,6,1,1.15
Sinn,Intuition,0,7,1,5,8,5,0,0,3,4,2,8,6,3.77
Lage,Umstand,0,2,8,8,9,5,4,0,6,2,3,6,9,4.77
Verbrechen,Diebstahl,10,4,10,10,9,6,1,0,5,1,7,8,6,5.92
Stil,Mode,6,8,8,10,8,6,5,8,3,1,7,8,6,6.46
Rand,Grenze,5,8,10,8,8,8,6,8,7,4,9,10,9,7.69
Arm,Körper,7,2,8,0,8,6,0,0,1,0,3,7,1,3.31
Boot,Auto,6,2,4,4,5,8,10,5,6,5,8,4,7,5.69
Sandwich,Mittagessen,0,0,3,0,0,1,0,6,0,0,5,2,8,1.92
Braut,Prinzessin,9,7,8,8,9,7,8,5,10,7,4,8,6,7.38
Heldin,Held,1,0,0,0,0,0,0,8,1,0,5,0,8,1.77
Auto,Spurweite,9,6,8,5,5,7,8,6,8,9,7,6,8,7.08
Insekt,Biene,0,4,9,2,1,8,10,7,6,3,4,7,5,5.08
Krippe,Wiege,2,0,2,0,0,5,2,4,1,1,1,0,9,2.08
Tier,Person,6,1,7,0,2,6,10,2,8,8,6,6,7,5.31
Marijuana,Kraut,3,0,2,0,0,3,2,6,6,2,0,2,5,2.38
Bett,Krankenhaus,3,0,4,0,0,6,1,9,4,2,3,5,5,3.23
Wange,Zunge,1,0,6,0,0,5,3,8,2,3,4,6,8,3.54
CD,Computer,4,2,6,2,1,8,5,6,7,5,4,8,9,5.15
Kurve,Winkel,6,3,9,4,1,7,6,10,8,7,4,7,10,6.31
Gras,Moos,3,3,10,0,0,6,3,10,6,7,7,6,6,5.15
Schule,Jura,0,2,8,4,0,6,5,1,3,7,4,4,6,3.85
Fuß,Kopf,1,0,1,0,0,3,0,10,3,2,3,5,7,2.69
Mutter,Beschützerin,0,2,6,3,8,9,4,4,9,8,6,5,7,5.46
Kieferorthopäde,Zahnarzt,5,5,10,1,0,10,10,10,5,7,8,8,5,6.46
Alkohol,Whiskey,7,7,9,8,7,8,8,8,9,8,6,8,8,7.77
Mund,Zahn,2,3,4,4,0,7,5,9,7,7,7,5,8,5.23
Frühstück,Speck,9,6,10,8,8,8,10,10,9,8,6,8,8,8.31
Bad,Schlafzimmer,1,6,8,8,1,8,0,9,10,5,7,6,4,5.62
Teller,Schale,0,3,4,1,0,4,1,10,4,7,4,1,4,3.31
Fleisch,Speck,3,2,6,1,0,6,5,7,2,7,2,8,6,4.23
Luft,Helium,1,0,6,0,0,2,5,8,3,7,3,6,7,3.69
Arbeiter,Arbeitgeber,2,0,5,0,0,6,3,7,1,5,2,2,6,3.00
Körper,Brust,4,3,1,4,8,7,5,8,8,10,5,5,5,5.62
Sohn,Vater,4,4,1,3,0,8,5,8,5,5,8,4,9,4.92
Herz,Operation,7,6,8,4,1,7,6,7,5,7,7,7,8,6.15
Frau,Sekretärin,1,0,1,0,0,3,4,10,0,2,3,5,4,2.54
Mann,Vater,2,2,4,2,0,6,3,5,3,6,7,4,7,3.92
Strand,Insel,4,5,9,0,0,7,5,3,5,8,4,8,6,4.92
Geschichte,Thema,6,0,5,6,1,6,6,7,7,5,4,8,8,5.31
Spiel,Spaß,0,2,5,0,0,6,3,7,1,2,7,8,9,3.85
Wochenende,Woche,1,2,4,1,0,7,5,7,6,7,4,7,4,4.23
Pärchen,Paar,10,7,6,8,8,8,5,10,8,10,4,8,10,7.85
Frau,Ehefrau,4,0,8,0,0,4,6,4,3,6,4,6,5,3.85
Schaf,Vieh,7,1,5,2,4,7,8,7,6,2,3,2,6,4.62
Geldbeutel,Tasche,7,7,9,0,1,7,5,8,6,7,7,9,10,6.38
Decke,Kathedrale,1,0,3,1,0,5,1,0,5,7,4,1,7,2.69
Bohne,Kaffee,4,3,5,2,2,6,5,6,7,8,8,4,8,5.23
Holz,Papier,10,7,8,6,5,7,6,1,7,9,7,8,10,7.00
Oberseite,Seite,0,0,5,1,0,4,1,7,3,2,0,3,9,2.69
Vergehen,Betrug,3,0,5,0,0,0,1,8,6,2,2,5,8,3.08
Schmerz,Schaden,4,1,4,0,0,0,1,9,2,7,6,6,5,3.46
Liebhaber,Gefährte,2,4,8,2,0,3,5,10,1,5,5,2,6,4.08
Abend,Abenddämmerung,4,2,8,4,0,6,5,10,7,7,7,7,7,5.69
Vater,Tochter,5,4,7,3,1,7,5,5,6,6,6,5,7,5.15
Wein,Likör,10,2,8,7,4,6,9,9,9,8,7,0,7,6.62
Kuh,Ziege,3,1,7,2,4,5,5,9,6,5,3,6,9,5.00
Glaube,Meinung,4,6,2,4,4,8,10,6,0,5,8,4,5,5.08
Wirklichkeit,Illusion,1,0,0,3,0,1,0,0,0,0,5,2,0,0.92
Vertrag,Vereinbarung,6,9,7,8,8,7,8,10,5,7,4,8,10,7.46
Reichtum,Armut,0,1,0,0,0,0,0,1,0,0,5,0,0,0.54
Unfall,Notfall,6,9,6,8,5,7,8,8,3,9,7,6,8,6.92
Schlacht,Eroberung,1,0,4,9,2,8,10,6,0,3,4,7,6,4.62
Freund,Lehrer,1,2,0,2,0,5,2,1,0,1,1,0,6,1.62
Erkrankung,Ansteckung,6,6,1,7,0,6,10,8,7,8,6,6,3,5.69
Spiel,Finte,2,3,0,2,0,3,2,6,0,2,0,2,0,1.69
Bruder,Sohn,2,3,0,4,0,6,1,4,0,2,3,5,0,2.31
Tante,Neffe,2,1,0,6,0,5,3,2,0,3,4,6,0,2.46
Arbeiter,Mechaniker,4,4,2,6,2,8,5,7,6,5,4,8,2,4.85
Arzt,Kieferorthopäde,6,6,3,9,4,7,6,8,4,7,4,7,6,5.92
Eiche,Ahorn,3,3,3,10,0,6,3,6,0,7,7,6,1,4.23
Biene,Königin,3,0,2,8,4,6,5,3,3,7,4,4,1,3.85
Auto,Fahrrad,5,1,0,1,0,3,0,3,0,2,3,5,1,1.85
Ziel,Streben,7,0,2,6,3,9,4,9,8,8,6,5,9,5.85
August,Monat,7,5,5,10,1,10,10,5,4,7,8,8,1,6.23
Armee,Truppe,4,7,7,9,8,8,8,9,6,8,6,8,1,6.85
Wolke,Wetter,5,2,3,4,4,7,5,7,0,7,7,5,0,4.31
Mediziner,Arzt,10,9,6,10,8,8,10,9,9,8,6,8,9,8.46
Schlucht,Tal,9,1,6,8,8,8,0,10,5,5,7,6,9,6.31
Fluss,Tal,2,0,3,4,1,4,1,4,0,7,4,1,0,2.38
Sonne,Himmel,3,3,2,6,1,6,5,2,0,7,2,8,0,3.46
Zielscheibe,Pfeil,5,1,0,6,0,2,5,3,0,7,3,6,0,2.92
Schokolade,Torte,5,2,0,5,0,6,3,1,0,5,2,2,0,2.38
Umstand,Lage,8,4,3,1,4,7,5,8,8,10,5,5,8,5.85
Meinung,Wahl,5,4,4,1,3,8,5,5,7,5,8,4,2,4.69
Rhythmus,Melodie,1,7,6,8,4,7,6,5,2,7,7,7,1,5.23
Darm,Nerv,1,1,0,1,0,3,4,0,0,2,3,5,0,1.54
Tag,Morgendämmerung,2,2,2,4,2,6,3,3,2,6,7,4,0,3.31
Vieh,Rindfleisch,7,4,5,9,0,7,5,5,0,8,4,8,0,4.77
Arzt,Professor,7,6,0,5,6,6,6,7,4,5,4,8,0,4.92
Arm,Vene,4,0,2,5,0,6,3,1,0,2,7,8,0,2.92
Zimmer,Bad,2,1,2,4,1,7,5,6,5,7,4,7,2,4.08
Unternehmen,Geschäft,8,10,7,6,8,8,5,8,7,10,4,8,9,7.54
Spaß,Fußball,3,4,0,8,0,4,6,3,0,6,4,6,0,3.38
Hügel,Klippe,4,7,1,5,2,7,8,6,0,2,3,2,0,3.62
Knochen,Knöchel,4,7,7,9,0,7,5,6,5,7,7,9,8,6.23
Apfel,Süßigkeit,3,1,0,3,1,5,1,5,2,7,4,1,1,2.62
Helfer,Haushelferin,4,4,3,5,2,6,5,7,4,8,8,4,1,4.69
Leiter,Manager,8,10,7,8,6,7,6,7,3,9,7,8,8,7.23
Zitrone,Tee,1,0,0,5,1,4,1,3,0,2,0,3,0,1.54
Biene,Ameise,2,3,0,5,0,0,1,6,0,2,2,5,0,2.00
Basketball,Baseball,3,4,1,4,0,0,1,2,0,7,6,6,0,2.62
Reis,Bohne,1,2,4,8,2,3,5,1,0,5,5,2,0,2.92
Bett,Möbel,2,4,2,8,4,6,5,7,6,7,7,7,3,5.23
Gefühlsregung,Leidenschaft,6,5,4,7,3,7,5,6,6,6,6,5,4,5.38
Anarchie,Chaos,8,10,2,8,7,6,9,9,0,8,7,0,7,6.23
Verbrechen,Übertretung,6,3,1,7,2,5,5,6,5,5,3,6,1,4.23
Machine,Antrieb,9,5,2,7,2,5,6,5,5,8,1,8,1,4.92
Strand,Meer,10,3,4,0,7,9,7,8,3,9,1,6,0,5.15
Gasse,Schüssel,0,0,0,0,0,0,0,5,0,0,0,2,0,0.54
Krug,Flasche,6,3,4,0,1,8,9,2,6,6,1,6,0,4.00
Kraft,Fähigkeit,0,6,2,1,0,5,8,3,6,8,0,3,0,3.23
Samen,Senf,10,4,0,1,2,3,0,2,1,1,0,6,5,2.69
Gitarre,Trommel,9,1,1,0,5,8,6,10,4,5,1,2,0,4.00
Meinung,Idee,3,9,3,1,1,5,5,4,6,7,1,7,7,4.54
Norden,Westen,5,3,4,0,3,8,10,9,2,4,0,1,0,3.77
Diät,Salat,9,6,0,1,2,5,2,5,4,7,0,2,0,3.31
Mutter,Ehefrau,8,4,4,1,5,9,8,6,5,4,0,2,2,4.46
Papa,Mutter,5,0,1,0,0,9,9,9,2,6,0,2,0,3.31
Kapitän,Seemann,8,7,5,3,5,9,9,5,7,10,5,8,6,6.69
Meter,Yard,5,6,3,5,0,9,9,10,7,9,1,8,7,6.08
Bier,Champagner,8,6,2,1,3,7,3,9,1,6,1,3,0,3.85
Motor,Boot,2,4,0,0,2,7,9,9,2,3,0,4,0,3.23
Karte,Bridge,10,5,2,0,2,5,0,4,1,0,0,7,0,2.77
Wissenschaft,Psychologie,10,7,2,1,2,6,3,5,5,8,1,7,5,4.77
Sünder,Heiliger,7,0,1,0,3,7,9,5,0,2,0,1,0,2.69
Abbau,Aufbau,9,1,1,0,3,8,9,6,0,2,0,2,0,3.15
Menge,Haufen,8,9,7,3,2,8,6,3,9,8,5,8,1,5.92
Strand,Riff,7,4,4,0,0,8,8,5,4,8,0,4,0,4.00
Mann,Kind,3,2,3,0,0,6,2,2,1,8,0,2,0,2.23
Brot,Käse,3,1,1,0,0,8,5,8,1,0,0,2,0,2.23
Meister,Gewinner,7,9,7,6,7,6,8,5,7,10,0,6,8,6.62
Feier,Zeremonie,6,7,6,3,0,9,8,6,8,8,9,8,3,6.23
Speisekarte,Bestellung,5,5,1,0,2,6,5,5,5,5,0,4,0,3.31
König,Prinzessin,10,4,7,1,2,9,8,6,2,7,0,2,0,4.46
Reichtum,Ansehen,9,6,2,1,0,8,9,4,8,6,2,2,0,4.38
Ausdauer,Kraft,5,6,2,2,3,8,9,6,8,5,0,5,3,4.77
Gefahr,Bedrohung,10,10,9,10,4,10,10,8,9,9,9,9,9,8.92
Gott,Priester,5,6,4,0,1,7,9,5,3,3,0,6,0,3.77
Männer,Brüderlichkeit,2,3,3,1,0,5,0,4,1,3,0,4,0,2.00
Kumpel,Gefährte,6,9,6,7,2,8,10,4,7,10,7,8,10,7.23
Lehrer,Helfer,5,4,2,1,0,6,3,2,5,8,1,5,3,3.46
Körper,Bauch,3,1,3,5,2,7,7,9,1,6,0,3,1,3.69
Zunge,Kehle,4,2,1,1,1,6,9,9,2,6,0,3,0,3.38
Haus,Teppich,1,5,0,0,0,2,0,2,0,1,0,2,0,1.00
Intelligenz,Geschick,0,5,6,1,3,5,6,6,7,8,0,8,1,4.31
Reise,Eroberung,1,2,1,0,0,2,0,4,2,5,0,7,0,1.85
Gott,Beute,0,1,0,0,0,0,0,7,0,0,0,1,0,0.69
Bruder,Seele,0,2,1,0,3,0,0,3,3,0,0,2,0,1.08
Widersacher,Gegener,9,9,2,8,2,10,10,9,9,10,10,8,10,8.15
Tod,Katastrophe,10,8,1,2,1,7,4,5,7,5,1,4,1,4.31
Moster,Dämon,9,8,8,0,4,8,9,7,8,10,3,8,9,7.00
Tag,Morgen,0,5,1,1,3,6,9,8,5,6,0,3,0,3.62
Mann,Sieger,0,3,3,0,0,2,0,4,3,2,0,2,0,1.46
Freund,Kumpan,5,7,9,8,5,10,9,9,7,10,8,8,8,7.92
Lied,Geschichte,9,5,2,1,0,2,0,5,1,6,1,3,1,2.77
Strahl,Sonnenschein,9,7,3,3,3,9,7,3,6,8,1,8,0,5.15
Kerl,Hengst,3,3,8,0,1,2,5,6,1,4,3,4,6,3.54
Hühnchen,Reis,0,4,0,2,0,0,0,2,1,2,0,2,4,1.31
Kasten,Aufzug,4,2,0,0,0,0,1,0,1,2,0,2,0,0.92
Butter,Kartoffel,0,1,0,0,0,0,1,6,1,3,2,2,4,1.54
Wohnung,Möbel,7,3,1,5,2,0,0,8,0,7,3,7,7,3.85
See,Moor,7,2,5,0,0,0,1,5,3,4,1,4,6,2.92
Salat,Essig,0,6,5,5,2,0,0,6,2,8,5,5,2,3.54
Blume,Knolle,1,9,5,6,0,2,0,9,4,1,5,1,7,3.85
Wolke,Dunst,8,7,1,4,5,4,3,7,4,6,8,7,7,5.46
Fahrer,Pilot,8,5,5,2,1,5,6,8,6,4,6,7,8,5.46
Zucker,Honig,6,9,0,3,1,0,1,6,1,6,5,5,8,3.92
Körper,Schulter,3,3,5,5,2,0,6,5,0,5,5,5,5,3.77
Idee,Abbild,0,2,5,0,0,0,0,0,1,4,2,9,1,1.85
Vater,Bruder,2,6,5,8,2,0,0,6,2,7,5,5,7,4.23
Mond,Planet,6,6,5,9,4,5,0,7,8,9,5,8,8,6.15
Ball,Kostüm,6,6,5,5,4,0,1,7,1,8,5,5,5,4.46
Gleis,Zaun,0,1,0,0,0,0,0,0,0,2,5,5,0,1.00
Zimmer,Bett,0,2,0,6,2,0,0,5,0,7,1,5,5,2.54
Blume,Busch,5,6,1,3,1,0,1,6,1,5,6,5,2,3.23
Knochen,Knie,5,4,1,5,6,0,5,9,0,7,5,7,7,4.69
Arm,Knie,5,5,5,2,2,0,5,9,1,8,5,5,4,4.31
Unterseite,Seite,4,6,5,4,2,3,9,10,1,1,5,8,9,5.15
Gefäß,Vene,7,2,8,1,1,5,6,5,2,7,8,5,9,5.08
Katze,Hase,0,0,5,2,2,0,2,6,2,6,6,5,6,3.23
Fleisch,Sandwich,2,4,0,0,0,0,0,7,1,7,2,5,6,2.62
Glaube,Konzept,1,1,3,0,0,0,8,5,2,3,3,5,5,2.77
Intelligenz,Einsicht,1,3,8,6,3,2,5,1,0,4,4,6,6,3.77
Aufmerksamkeit,Interesse,6,8,9,9,6,5,8,7,9,9,8,7,9,7.69
Haltung,Selbstsicherheit,8,3,5,4,6,0,7,5,1,6,8,6,7,5.08
Recht,Gerechtigkeit,5,8,9,7,8,4,7,10,8,8,8,9,8,7.62
Streit,Vereinbarung,2,3,0,0,0,0,0,0,1,1,0,0,0,0.54
Tiefe,Ausmaß,2,4,5,7,0,1,6,7,3,0,6,8,6,4.23
Medium,Nachrichten,3,3,8,7,0,5,1,0,0,8,5,6,6,4.00
Gewinner,Kandidat,5,2,8,1,4,0,0,5,1,5,5,5,5,3.54
Geburtstag,Datum,5,6,5,7,4,0,2,8,5,6,5,5,6,4.92
Gebühr,Bezahlung,9,6,5,6,6,2,3,7,7,7,8,8,9,6.38
Bibel,Hymne,0,0,0,0,0,1,0,2,1,0,0,0,0,0.31
Ausgang,Eingang,5,4,5,6,0,2,8,10,1,7,5,3,7,4.85
Mann,Wache,2,3,5,1,3,0,1,1,4,4,5,5,2,2.77
Gang,Halle,0,4,5,5,0,0,2,3,0,4,5,5,6,3.00
Whiskey,Gin,5,7,5,5,2,2,5,10,0,9,5,5,8,5.23
Blut,Mark,0,3,0,0,1,0,1,7,1,1,2,5,0,1.62
Öl,Nerz,0,0,0,0,0,0,0,0,0,2,4,0,5,0.85
Schiffsboden,Schiffsdeck,5,4,8,7,5,5,6,8,5,0,8,7,8,5.85
Dach,Boden,5,8,0,3,6,0,2,8,0,3,2,7,9,4.08
Türe,Boden,0,2,0,2,0,0,0,2,1,5,0,5,0,1.31
Schulter,Kopf,0,4,5,5,1,0,4,6,1,8,5,5,7,3.92
Wagen,Kutsche,9,5,8,3,3,3,6,9,6,4,5,7,9,5.92
Auto,Kutsche,7,5,5,3,1,2,5,5,5,4,4,7,9,4.77
Ellenbogen,Knöchel,1,2,5,2,5,0,6,6,0,8,5,5,9,4.15
Reichtum,Ruhm,4,0,0,5,8,8,5,3,0,0,1,8,7,3.77
Sorge,Scham,0,0,0,0,6,5,3,3,0,0,1,4,7,2.23
Verwaltung,Geschäftsführung,10,0,10,8,6,9,8,5,8,4,2,10,7,6.69
Verständigung,Unterhaltung,10,2,0,2,7,9,5,9,7,3,10,3,8,5.77
Verschmutzung,Atmosphäre,6,0,0,0,5,5,5,1,0,0,0,4,5,2.38
Anatomie,Biologie,7,2,0,0,7,5,5,6,5,2,8,1,7,4.23
Hochschule,Beruf,0,0,0,1,4,5,5,3,0,0,0,6,5,2.23
Buch,Thema,4,0,0,0,2,4,5,1,0,0,3,5,0,1.85
Formel,Gleichung,7,1,10,2,4,5,9,7,7,8,10,9,9,6.77
Buch,Information,4,0,5,0,5,2,5,1,0,0,3,6,5,2.77
Junge,Partner,3,0,0,0,6,5,4,0,1,0,3,5,6,2.54
Himmel,Universum,10,9,0,2,6,5,8,4,1,0,5,7,9,5.08
Bevölkerung,Menschen,5,2,10,2,10,9,5,5,8,0,10,8,9,6.38
Hochschule,Klasse,5,1,0,4,8,5,4,2,0,0,3,6,7,3.46
Chef,Bürgermeister,5,1,0,0,8,5,6,4,1,0,8,7,5,3.85
Rabbi,Minister,0,0,0,0,3,0,5,1,0,0,1,5,5,1.54
Meter,Inch,6,5,5,0,7,5,5,1,0,0,4,5,7,3.85
Polyester,Baumwolle,6,0,0,0,6,5,5,6,0,0,0,0,8,2.77
Rechtsanwalt,Bankier,0,0,0,0,4,0,4,2,0,0,0,5,0,1.15
Geige,Instrument,5,1,5,2,6,5,8,3,5,0,10,7,9,5.08
Lager,Hütte,10,1,0,1,6,5,4,6,1,0,1,4,7,3.54
Topf,Haushaltsgerät,7,1,0,5,9,5,6,3,2,0,8,4,9,4.54
Leinen,Gewebe,10,5,5,5,8,9,8,7,0,1,6,7,9,6.15
Whiskey,Champagner,5,0,0,1,6,4,6,4,0,0,0,3,8,2.85
Mädchen,Kind,5,0,0,0,2,9,5,4,0,1,2,6,9,3.31
Hütte,Häuschen,10,10,10,7,6,9,5,7,8,10,10,10,9,8.54
Vogel,Henne,10,1,5,2,6,5,8,3,2,0,3,7,9,4.69
Rakete,Lärm,6,0,0,0,10,2,5,1,0,0,1,5,0,2.31
Sonnenuntergang,Abend,6,1,5,0,6,5,8,6,0,1,9,6,8,4.69
Nieselregen,Regen,6,9,10,8,9,5,8,8,2,4,9,6,9,7.15
Erwachsener,Baby,0,0,0,0,6,5,0,2,0,0,0,3,0,1.23
Holzkohle,Kohle,7,9,5,3,3,5,8,9,7,4,10,5,9,6.46
Körper,Rückgrat,5,10,5,0,6,5,5,4,0,0,3,4,8,4.23
Kopf,Nagel,0,0,0,0,6,5,4,1,0,0,5,0,0,1.62
Holzblock,Bauholz,7,2,5,1,6,5,5,5,2,0,6,5,9,4.46
Löffel,Tasse,5,0,0,0,6,0,5,1,0,0,0,4,5,2.00
Körper,Nerv,5,1,0,0,4,5,5,1,0,0,3,6,5,2.69
Mann,Ehemann,3,5,10,5,8,5,8,9,9,7,8,7,10,7.23
Knochen,Genick,6,1,0,1,9,5,5,6,0,0,4,3,7,3.62
Frust,Zorn,10,0,5,8,6,5,6,5,0,3,2,6,7,4.85
Fluss,Meer,5,1,0,0,6,5,5,2,0,0,4,7,7,3.23
Aufgabe,Beruf,4,1,0,3,8,8,8,8,5,2,3,6,8,4.92
Club,Verein,10,10,10,3,6,8,8,10,7,8,10,9,10,8.38
Spiegelung,Spiegelbild,10,9,10,3,8,5,8,8,9,7,10,6,9,7.85
Prinz,König,10,0,5,1,2,5,7,7,0,0,5,7,8,4.38
Schnee,Wetter,10,1,0,2,5,5,5,5,3,0,8,4,8,4.31
Leute,Party,5,0,5,2,6,5,5,1,0,0,0,7,5,3.15
Junge,Bruder,6,1,0,1,8,9,5,4,0,0,1,4,9,3.69
Wurzel,Gras,5,0,5,2,4,0,5,4,0,0,1,4,7,2.85
Braue,Auge,6,0,5,2,6,5,5,5,0,0,4,3,8,3.77
Geld,Perle,1,5,1,0,4,2,1,1,4,0,0,0,2,1.62
Geld,Diamand,1,6,2,0,4,1,5,3,3,5,0,0,4,2.62
Gefährt,Bus,4,7,8,6,8,3,10,3,7,10,0,0,8,5.69
Taxi,Bus,5,3,7,0,7,1,4,7,5,5,0,0,7,3.92
Haus,Baracke,4,6,8,10,3,1,2,5,2,0,2,2,8,4.08
Finger,Handfläche,5,3,6,0,6,1,0,2,6,0,0,0,5,2.62
Auto,Brücke,1,2,0,0,3,0,0,1,5,0,0,0,0,0.92
Anstrengung,Schwierigkeit,3,5,7,7,6,2,6,4,5,5,5,7,5,5.15
Tatsache,Einsicht,1,4,1,0,3,0,4,5,5,0,0,0,0,1.77
Beruf,Unternehmensleitung,3,2,1,5,7,0,4,2,4,5,0,0,7,3.08
Krebs,Krankheit,5,9,8,5,10,2,3,3,8,10,0,0,9,5.54
Wort,Zeitung,3,4,6,0,3,0,0,2,1,0,0,0,0,1.46
Komponist,Schriftsteller,4,4,7,0,7,1,0,3,7,0,0,0,7,3.08
Schauspieler,Sänger,5,4,7,0,7,1,0,3,4,0,0,0,7,2.92
Unterschlupf,Hütte,4,7,9,10,5,2,8,3,6,10,1,0,8,5.62
Badezimmer,Küche,3,2,0,0,6,1,2,1,4,0,0,0,0,1.46
Hütte,Baracke,7,7,9,10,7,2,8,6,6,0,2,7,9,6.15
Türe,Küche,1,2,1,0,4,0,0,0,3,0,0,0,0,0.85
Wert,Glaube,0,4,7,0,0,1,1,0,7,0,0,0,5,1.92
Weisheit,Intelligenz,6,9,9,0,8,3,0,8,9,10,4,5,7,6.00
Unwissen,Intelligenz,0,0,0,0,0,0,0,1,2,0,0,0,0,0.23
Glückseligkeit,Glück,8,6,10,10,7,2,10,3,7,10,2,8,9,7.08
Idee,Plan,6,8,9,0,9,2,8,8,7,5,2,7,6,5.92
Laune,Gefühlsregung,10,5,10,10,5,1,9,6,3,5,2,5,8,6.08
Glückseligkeit,Frieden,5,7,8,5,6,2,10,8,9,0,6,5,7,6.00
Verzweiflung,Unglück,4,4,8,5,6,1,1,6,5,5,0,5,7,4.38
Logik,Arithmetik,2,3,8,5,1,1,5,4,4,0,0,5,7,3.46
Leugnung,Geständnis,4,0,0,0,0,0,0,2,1,0,0,0,0,0.54
Streit,Kritik,1,4,7,0,4,3,1,2,5,0,0,0,6,2.54
Agression,Feindseligkeit,8,8,8,10,7,4,9,9,8,0,8,10,9,7.54
Hysterie,Verwirrung,1,2,10,0,5,0,0,6,0,0,2,0,3,2.23
Chemie,Theorie,1,2,1,0,1,0,0,2,7,0,0,0,5,1.46
Gerichtsverfahren,Urteil,5,7,9,0,10,1,3,3,8,5,0,0,7,4.46
Bequemlichkeit,Sicherheit,1,3,1,0,1,0,6,4,6,0,0,0,0,1.69
Selbstsicherheit,Selbst,1,2,8,0,2,1,1,1,8,0,0,0,7,2.38
Sicht,Wahrnehmung,9,3,8,10,5,3,10,4,6,10,4,10,9,7.00
Ära,Jahrzehnt,10,3,9,10,9,3,8,4,8,10,2,5,7,6.77
Biographie,Fiktion,1,3,1,0,4,1,0,4,5,0,0,0,0,1.46
Auseinandersetzung,Streit,10,8,10,10,10,3,10,7,7,10,8,10,10,8.69
Code,Symbol,5,7,7,10,5,2,0,2,7,0,1,8,0,4.15
Gefahr,Krankheit,1,4,2,0,4,0,7,2,5,0,0,0,6,2.38
Unfall,Katastrophe,7,8,9,5,7,4,7,5,7,10,2,7,6,6.46
Reise,Ausflug,9,8,8,10,6,3,7,1,6,10,7,8,8,7.00
Tätigkeit,Bewegung,3,4,7,0,5,1,5,7,8,5,0,5,6,4.31
Klatsch,Nachrichten,5,2,9,0,4,4,0,3,6,0,0,3,5,3.15
Vater,Gott,8,6,8,0,3,2,10,6,10,10,3,0,6,5.54
Tat,Verlauf,9,2,6,0,3,0,3,0,3,0,0,0,7,2.54
Fieber,Erkrankung,4,8,8,10,10,3,1,2,9,10,0,2,0,5.15
Luftfahrt,Flug,5,9,10,10,8,3,10,2,8,10,5,5,6,7.00
Spiel,Zug,1,2,7,0,4,0,1,1,5,0,0,0,0,1.62
Molekül,Luft,1,5,7,3,0,6,1,1,4,2,1,0,5,2.77
Heimat,Staat,4,6,6,9,0,8,3,2,4,8,6,0,8,4.92
Wort,Literatur,4,5,8,1,1,6,4,2,0,6,2,1,7,3.62
Erwachsener,Beschützer,3,6,3,7,0,5,2,0,3,1,5,0,6,3.15
Zeitung,Information,6,8,10,3,1,4,5,2,0,3,3,1,8,4.15
Verständigung,Fernsehen,1,2,4,2,0,1,3,0,0,1,1,0,4,1.46
Cousin,Onkel,2,7,0,7,0,6,2,2,0,1,6,0,0,2.54
Autor,Leser,2,2,3,2,0,0,4,0,0,2,2,1,5,1.77
Kumpan,Partner,5,7,10,9,4,10,4,2,10,8,8,0,7,6.46
Gebiet,Ecke,3,0,7,3,0,0,3,2,10,1,7,0,0,2.77
Ballade,Lied,3,8,7,9,0,6,4,3,7,9,8,5,10,6.08
Wand,Schmuck,0,0,0,2,0,0,0,0,0,1,1,0,0,0.31
Wort,Seite,2,1,0,2,0,4,1,0,4,8,2,0,2,2.00
Krankenschwester,Wissenschaftler,1,2,0,1,0,7,2,1,0,1,1,0,0,1.23
Politiker,Präsident,3,8,7,8,0,9,6,3,8,8,4,1,5,5.38
Präsident,Bürgermeister,1,3,7,7,0,10,2,2,3,8,3,1,6,4.08
Buch,Aufsatz,2,3,0,2,0,6,2,1,0,8,0,0,3,2.08
Mann,Krieger,2,3,8,4,0,9,6,2,10,2,5,0,6,4.38
Artikel,Zeitschrift,6,6,0,4,2,6,5,2,5,4,2,1,5,3.69
Frühstück,Abendmahl,8,3,5,0,0,5,2,2,0,3,4,0,0,2.46
Menge,Parade,1,0,7,4,0,7,4,2,0,8,5,0,5,3.31
Gang,Flur,1,9,10,1,6,10,8,4,1,2,7,10,10,6.08
Lehrer,Rabbi,5,0,6,2,1,7,4,1,10,8,3,0,7,4.15
Hüfte,Lippe,1,1,0,1,0,0,0,0,4,1,0,0,0,0.62
Buch,Artikel,3,6,0,2,0,1,3,1,0,7,2,0,5,2.31
Zimmer,Zelle,3,1,10,6,0,6,4,2,5,1,5,0,7,3.85
Kasten,Bude,1,0,4,2,0,6,3,0,0,1,0,0,0,1.31
Tochter,Kind,5,5,10,8,0,8,4,3,6,8,4,5,8,5.69
Extremität,Bein,7,8,10,0,2,2,3,3,0,1,8,0,9,4.08
Leber,Lunge,3,6,0,1,1,8,5,1,0,2,2,0,0,2.23
Klassenzimmer,Gang,0,2,0,2,0,0,0,0,3,0,1,0,0,0.62
Berg,Felsvorsprung,3,9,6,8,0,8,4,1,3,1,2,0,8,4.08
Auto,Aufzug,0,2,0,0,0,0,0,0,0,1,1,0,0,0.31
Bett,Couch,6,3,6,8,0,7,2,2,6,8,4,0,7,4.54
Kleidung,Knopf,5,5,7,3,1,4,4,0,0,4,1,0,0,2.62
Kleidung,Mantel,5,6,6,8,3,6,6,2,5,8,4,5,4,5.23
Niere,Organ,3,7,8,7,2,8,6,3,1,1,5,5,3,4.54
Apfel,Soße,1,0,0,1,0,0,0,0,0,2,1,0,0,0.38
Huhn,Steak,2,1,0,1,0,2,0,1,5,4,2,0,5,1.77
Auto,Schlauch,1,3,0,0,0,0,1,0,0,1,1,0,0,0.54
Tabak,Zigarette,8,9,8,7,0,9,2,3,9,8,5,5,5,6.00
Student,Professor,6,3,0,7,0,8,3,2,3,0,2,0,4,2.92
Baby,Tochter,5,5,7,7,1,7,3,1,10,8,4,1,5,4.92
Pfeife,Zigarre,7,9,7,2,1,9,3,1,5,2,5,5,7,4.85
Milch,Saft,4,2,1,2,0,4,5,1,0,2,1,0,3,1.92
Schachtel,Zigarre,1,0,4,0,0,7,1,2,5,1,4,1,0,2.00
Apartment,Hotel,5,7,7,3,0,8,3,2,2,8,4,2,8,4.54
Becher,Waffel,1,0,0,2,0,5,0,0,0,0,3,0,5,1.23
Pferd,Ochse,2,3,0,0,0,6,2,1,0,2,1,0,0,1.31
Kehle,Nase,2,0,0,2,0,6,3,0,4,3,3,0,0,1.77
Knochen,Zähne,4,6,0,0,2,5,7,1,0,0,0,6,0,2.38
Knochen,Ellenbogen,4,6,1,0,0,3,1,1,3,2,0,3,5,2.23
Speck,Bohne,2,2,1,0,0,2,3,1,1,0,0,3,0,1.15
Tasse,Krug,6,3,8,8,2,10,10,1,3,3,5,8,10,5.92
Beweis,Tatsache,3,7,9,8,5,3,8,6,10,2,8,2,10,6.23
Vereinbarung,Verabredung,7,6,10,9,6,5,4,5,9,2,8,4,6,6.23
Geburtstag,Jahr,5,3,1,0,0,2,3,1,5,1,0,5,6,2.46
Wort,Hinweis,4,2,1,0,0,1,4,2,6,1,0,4,0,1.92
Autor,Schöpfer,7,4,1,9,8,0,0,6,9,0,0,8,0,4.00
Atom,Kohlenstoff,1,4,2,0,1,1,7,2,5,0,0,2,4,2.23
Erzbischof,Bischof,8,9,9,9,6,2,2,4,9,6,5,6,5,6.15
Brief,Absatz,2,4,1,0,1,3,4,1,3,0,0,3,3,1.92
Seite,Absatz,3,4,8,0,0,0,0,0,2,3,0,3,5,2.15
Kirchturm,Kapelle,4,7,8,0,3,1,7,4,7,1,0,9,7,4.46
Muskel,Knochen,3,2,1,0,0,2,1,1,0,0,0,3,5,1.38
Muskel,Zunge,1,2,1,0,0,2,3,1,3,3,0,8,5,2.23
Junge,Soldat,2,2,0,0,0,0,0,1,1,0,0,6,0,0.92
Bauch,Unterleib,5,7,8,9,4,2,7,1,7,1,4,9,5,5.31
Kerl,Mädchen,3,2,1,0,0,0,0,0,0,0,0,2,0,0.62
Bett,Stuhl,2,2,2,0,0,2,6,1,0,0,0,4,10,2.23
Kleidung,Jacke,6,6,7,0,1,3,7,3,7,4,0,5,5,4.15
Pistole,Messer,3,2,7,0,0,2,6,0,0,3,0,4,6,2.54
Blech,Metall,7,7,8,0,3,1,8,7,8,3,10,4,5,5.46
Flasche,Behälter,2,5,7,9,2,2,8,2,5,10,2,9,4,5.15
Henne,Truthahn,6,6,8,0,6,1,2,4,5,3,0,6,10,4.38
Fleisch,Brot,1,1,0,0,0,2,4,1,0,0,0,2,0,0.85
Arm,Knochen,2,3,1,0,0,2,0,1,3,2,0,6,5,1.92
Genick,Rückgrat,4,1,8,0,1,3,7,3,0,1,0,7,5,3.08
Apfel,Zitrone,5,4,1,0,0,2,2,0,0,0,0,4,10,2.15
Leiden,Trauer,7,4,9,9,5,2,10,8,7,2,5,9,6,6.38
Auftrag,Aufgabe,6,7,8,10,0,5,10,9,9,10,8,8,5,7.31
Nacht,Dämmerung,5,5,8,0,3,1,5,1,8,4,2,7,5,4.15
Abendessen,Suppe,7,2,7,0,1,1,6,3,3,2,2,4,5,3.31
Kalb,Bulle,3,7,3,0,3,1,2,3,3,0,0,6,10,3.15
Schnee,Sturm,1,2,1,0,2,3,5,2,1,0,0,7,3,2.08
Nagel,Hand,2,0,0,0,0,0,3,0,3,2,0,4,5,1.46
Hund,Pferd,1,1,7,0,0,4,4,0,0,0,0,4,5,2.00
Arm,Genick,2,1,0,0,0,2,0,0,0,0,0,3,5,1.00
Ball,Handschuh,1,0,1,0,0,0,2,0,2,0,0,1,0,0.54
Grippe,Fieber,4,6,7,0,6,6,7,5,3,1,0,7,5,4.38
Gebühr,Gehalt,1,1,7,0,1,1,0,0,0,1,0,1,5,1.38
Nerv,Gehirn,1,5,2,0,1,3,7,1,7,2,0,8,6,3.31
Biest,Tier,6,7,8,8,5,0,7,7,6,8,5,6,0,5.62
Abendessen,Huhn,7,2,1,0,0,4,1,1,1,1,0,0,4,1.69
Mädchen,Zimmermädchen,4,7,9,0,4,2,0,2,4,3,0,3,0,2.92
Kind,Junge,4,4,8,8,4,1,1,1,6,4,5,7,5,4.46
Alkohol,Wein,5,5,8,0,3,3,5,3,7,5,0,7,5,4.31
Nase,Mund,3,4,7,0,0,3,5,1,1,0,0,6,6,2.77
Straße,Auto,3,1,1,0,1,3,6,4,0,0,0,6,5,2.31
Glocke,Türe,5,0,0,0,0,0,0,0,1,0,0,2,5,1.00
Schachtel,Hut,4,4,0,0,2,2,7,7,5,2,3,0,0,2.77
Glaube,Eindruck,3,3,1,7,5,4,5,8,2,7,4,1,4,4.15
Vorurteil,Meinung,6,6,4,5,4,0,9,7,7,5,9,2,3,5.15
Aufmerksamkeit,Bewusstsein,2,9,0,9,7,8,8,10,7,7,4,6,4,6.23
Zorn,Laune,3,4,1,5,4,1,9,8,7,1,8,3,0,4.15
Eleganz,Stil,8,2,4,8,2,8,10,9,8,8,9,7,7,6.92
Schönheit,Alter,6,7,1,4,2,1,8,6,2,5,6,2,2,4.00
Buch,Thematik,5,8,2,8,4,3,7,9,5,7,6,3,2,5.31
Freund,Mutter,2,4,1,4,1,5,3,4,5,6,2,0,2,3.00
Vitamin,Eisen,3,10,4,7,3,4,1,6,3,8,5,6,5,5.00
Auto,Fabrik,2,2,1,3,3,4,8,9,1,7,7,1,3,3.92
Vertrag,Bedingung,3,7,4,9,3,2,10,9,7,10,7,6,2,6.08
Kapitel,Wahl,0,8,0,2,0,1,5,0,5,5,5,0,0,2.38
Arithmetik,Rhythmus,5,2,0,3,3,0,6,6,1,3,1,3,1,2.62
Gewinner,Anwesenheit,2,2,0,1,2,3,2,2,5,5,6,1,4,2.69
Glaube,Blume,1,3,0,0,0,2,4,0,5,10,2,2,2,2.38
Gewinner,Ziel,7,8,7,9,7,5,7,9,2,9,6,5,4,6.54
Trick,Größe,1,4,1,2,0,0,1,3,1,3,0,0,1,1.31
Wahl,Neigung,2,6,3,2,6,0,5,8,5,4,4,5,1,3.92
Hymne,Eroberung,3,6,2,5,0,1,2,1,6,9,7,3,2,3.62
Ausdauer,Kapelle,2,5,0,1,0,2,2,0,1,1,3,1,1,1.46
Gefängnis,Wahl,1,7,0,0,1,3,2,0,6,2,2,1,1,2.00
Bedingung,Junge,0,1,1,3,0,3,1,1,1,5,4,1,1,1.69
Blume,Ausdauer,2,7,0,0,0,2,1,0,2,2,3,0,1,1.54
Loch,Vereinbarung,0,0,0,1,0,1,1,1,1,0,2,0,2,0.69
Arzt,Temperament,2,4,0,5,0,1,3,3,1,3,5,1,3,2.38
Büderlichkeit,Türe,0,3,0,1,0,2,1,0,2,0,2,0,1,0.92
Aufgabe,Frau,1,1,0,0,0,2,1,2,1,8,2,1,2,1.62
Brüderlichkeit,Baseball,0,4,0,7,1,4,3,0,6,0,3,1,5,2.62
Cent,Größe,1,6,1,0,0,1,2,4,5,5,0,0,2,2.08
Anwesenheit,Türe,1,0,0,5,2,3,0,4,4,5,0,1,1,2.00
Maus,Leitung,1,3,0,7,0,1,3,1,1,1,3,1,0,1.69
Aufgabe,Autobahn,1,2,0,0,0,0,0,4,1,4,0,2,2,1.23
Likör,Jahrhundert,1,2,0,2,0,2,1,2,1,0,2,0,0,1.00
Aufgabe,Strohhalm,0,1,1,0,0,0,1,0,1,0,1,0,2,0.54
Insel,Aufgabe,0,7,0,0,0,2,3,2,1,7,0,1,2,1.92
Nacht,Kapitel,1,0,0,4,1,0,2,1,4,0,2,0,0,1.15
Verschmutzung,Präsident,1,1,1,0,0,1,0,0,1,1,2,1,2,0.85
Pistole,Finte,1,9,1,4,4,9,10,0,1,9,4,1,9,4.77
Bad,Finte,1,1,0,0,0,1,0,0,1,8,2,0,2,1.23
Diät,Apfel,2,5,1,9,3,6,7,5,2,8,5,2,3,4.46
Cent,Ehefrau,0,4,1,0,0,0,0,3,1,5,0,0,3,1.31
Kapitel,Schwanz,0,5,0,0,0,1,0,0,1,0,4,0,1,0.92
Verlauf,Bauch,0,6,1,2,0,2,1,0,1,1,3,1,1,1.46
Hymne,Strohhalm,0,2,0,1,0,0,1,0,1,0,0,0,1,0.46
Zahnarzt,Oberst,0,0,2,2,2,0,1,4,2,6,3,0,2,1.85
Ehefrau,Strohhalm,0,2,0,0,0,1,0,0,1,0,0,0,1,0.38
Loch,Ehefrau,0,4,1,0,3,0,0,4,1,1,0,1,0,1.15
Schüler,Präsident,2,3,1,2,4,3,0,3,5,7,6,3,1,3.08
Bad,Ehefrau,4,5,0,1,1,3,3,4,1,0,2,0,1,1.92
Leute,Cent,0,0,0,0,0,0,0,0,0,0,0,0,0,0.00
Formel,Holzscheit,0,0,0,0,0,0,0,0,0,0,0,0,0,0.00
Frau,Pelz,0,0,0,0,1,0,0,1,1,0,0,3,0,0.46
Apfel,Sonnenschein,0,0,0,0,0,0,0,1,0,0,0,1,0,0.15
Pistole,Morgendämmerung,0,0,0,0,0,0,0,0,0,0,0,0,0,0.00
Mahl,Taille,0,0,0,0,0,0,0,1,0,0,0,0,0,0.08
Kamera,Präsident,0,0,0,0,1,0,0,1,0,0,0,0,0,0.15
Likör,Kapelle,0,0,0,0,2,0,0,0,0,0,0,0,0,0.15
Bauch,Vene,0,0,0,0,0,0,0,1,0,0,0,0,0,0.08
Pistole,Pelz,0,0,0,2,1,0,0,0,1,0,0,0,0,0.31
Couch,Baseball,0,0,0,0,1,0,0,1,1,0,0,0,0,0.23
Arbeiter,Kamera,0,0,0,0,1,0,0,0,0,0,0,0,0,0.08
Deck,Maus,0,0,0,0,0,0,0,0,1,0,0,0,0,0.08
Reis,Junge,0,0,0,0,0,0,0,0,0,0,0,0,0,0.00
Leute,Pistole,0,0,0,0,0,0,0,0,0,0,0,0,0,0.00
Klippe,Schwanz,0,0,0,0,0,0,0,0,0,0,0,0,0,0.00
Winkel,Fenster,0,0,0,2,0,0,0,2,1,0,0,0,0,0.38
Prinzessin,Insel,0,0,0,0,0,0,0,0,0,0,0,0,0,0.00
Behälter,Maus,0,0,0,0,0,0,0,0,0,0,0,0,0,0.00
Waggon,Container,0,7,1,2,10,1,0,4,5,6,7,6,5,4.15
Leute,Ballon,0,0,0,0,1,0,0,1,0,0,0,0,0,0.15
Dollar,Leute,0,0,0,0,0,0,0,0,0,0,0,0,0,0.00
Bad,Ballon,0,0,0,0,0,0,0,0,1,0,0,0,0,0.08
Bauch,Schlafzimmer,0,0,0,0,3,0,0,1,0,0,0,0,0,0.31
Fahrrad,Schlafzimmer,0,0,0,0,0,0,0,0,0,0,0,0,0,0.00
Holzscheit,Bad,0,0,0,0,0,0,0,1,0,0,0,0,0,0.08
Schale,Schwanz,0,0,0,0,1,0,0,0,1,0,0,0,0,0.15
gehen,kommen,0,9,0,7,6,0,10,1,1,3,3,0,0,3.08
nehmen,stehlen,1,3,0,2,4,8,0,3,8,7,8,5,7,4.31
zuhören,hören,4,9,4,6,9,6,10,8,9,9,8,5,8,7.31
denken,rationalisieren,0,6,1,3,5,8,0,1,2,7,5,0,1,3.00
vorkommen,passieren,5,9,2,4,9,9,10,9,9,8,6,7,9,7.38
vergehen,verschwinden,6,8,0,6,3,7,0,3,0,8,8,1,8,4.46
vermehren,teilen,2,0,0,2,4,7,0,3,2,0,3,0,7,2.31
bitten,betteln,5,5,1,7,9,8,10,7,9,7,8,6,5,6.69
beginnen,entstehen,1,7,5,1,8,8,0,8,10,8,10,6,7,6.08
beschützen,verteidigen,6,9,5,7,7,8,10,9,9,8,9,9,8,8.00
töten,zerstören,1,6,0,6,7,8,10,7,7,6,8,4,6,5.85
erschaffen,anfertigen,5,6,9,8,7,7,0,10,9,8,7,8,9,7.15
annehmen,ablehnen,0,0,0,1,0,0,0,1,0,0,0,0,0,0.15
übergehen,vermeiden,2,7,0,2,2,2,0,6,7,6,5,1,5,3.46
tragen,bringen,0,7,0,4,2,3,0,5,0,4,4,3,6,2.92
verlassens,eintreten,0,0,0,2,0,0,0,1,0,0,0,0,0,0.23
auswählen,wählen,7,10,10,7,8,8,10,10,10,10,10,5,9,8.77
verlieren,scheitern,2,9,9,4,8,7,0,9,10,6,10,7,7,6.77
ermutigen,entmutigen,0,0,0,2,0,0,0,1,0,0,0,0,0,0.23
erreichen,vollenden,2,10,5,7,8,5,10,8,10,8,10,7,5,7.31
anfertigen,erbauen,4,7,7,6,7,7,0,10,8,8,7,7,6,6.46
hören,gehorchen,2,5,7,4,4,8,0,7,7,7,6,5,6,5.23
mitteilen,benachrichtigen,6,9,3,6,7,9,10,8,9,9,9,9,7,7.77
erhalten,geben,0,0,0,2,0,6,1,4,8,0,5,2,0,2.15
ausleihen,betteln,2,0,1,3,3,3,1,1,0,0,0,1,4,1.46
nehmen,aneignen,0,8,4,10,10,8,3,6,9,10,6,10,2,6.62
raten,empfehlen,9,6,6,10,10,4,10,3,10,10,10,6,9,7.92
nachahmen,verkörpern,6,7,3,5,8,3,7,1,4,0,0,5,2,3.92
gewinnen,gelingen,6,6,2,7,3,1,5,4,6,7,0,6,4,4.38
denken,entscheiden,5,1,7,6,5,2,0,7,10,1,5,8,1,4.46
grüßen,treffen,1,0,2,3,0,6,0,2,7,4,0,0,2,2.08
zustimmen,bestreiten,0,0,2,2,0,2,0,5,0,0,2,0,4,1.31
genießen,unterhalten,3,1,5,0,8,1,3,4,0,2,3,0,7,2.85
zerstören,anfertigen,0,0,4,1,0,2,1,5,0,1,0,0,0,1.08
retten,beschützen,5,8,8,0,2,9,0,3,10,6,0,7,7,5.00
geben,leihen,0,6,3,2,5,3,3,5,7,9,4,8,5,4.62
verstehen,wissen,7,6,2,6,7,2,1,7,8,7,3,5,7,5.23
nehmen,erhalten,8,5,9,4,10,1,3,3,10,8,0,2,2,5.00
einsehen,anerkennen,8,9,10,6,2,3,0,3,4,1,5,7,5,4.85
entscheiden,auswählen,9,2,8,9,10,5,5,1,8,9,8,6,4,6.46
annehmen,glauben,9,1,3,5,2,4,0,3,10,10,5,9,6,5.15
behalten,besitzen,7,3,7,7,6,8,1,7,7,9,0,8,5,5.77
durchstreifen,wandern,8,9,8,7,8,8,4,6,10,10,0,9,8,7.31
gelingen,scheitern,0,0,4,2,0,1,0,5,0,1,3,0,0,1.23
ausgeben,sparen,0,0,1,3,0,2,2,2,0,0,0,0,1,0.85
verlassen,gehen,8,8,9,9,8,6,2,3,8,9,4,7,0,6.23
kommen,beiwohnen,6,7,2,7,3,5,0,5,6,7,0,0,3,3.92
wissen,glauben,8,0,1,5,3,7,3,6,0,5,1,0,0,3.00
versammeln,treffen,9,6,9,9,10,2,4,6,6,8,1,8,2,6.15
anfertigen,verdienen,0,0,3,0,0,6,0,3,0,1,0,2,5,1.54
vergessen,missachten,0,0,0,4,3,5,0,3,6,0,3,5,0,2.23
vermehren,hinzufügen,8,8,7,10,10,1,3,5,6,8,5,8,4,6.38
schrumpfen,wachsen,0,0,0,3,0,3,0,8,0,0,1,0,0,1.15
ankommen,verlassen,0,0,3,1,0,5,0,3,0,0,4,0,0,1.23
gelingen,versuchen,0,0,10,5,0,2,2,2,2,4,4,0,3,2.62
annehmen,verweigern,0,0,3,0,0,5,0,7,0,0,0,0,0,1.15
ankommen,kommen,8,4,3,7,7,9,5,5,8,8,8,9,4,6.54
zustimmen,abweichen,0,0,0,1,0,2,2,3,0,0,0,0,1,0.69
schicken,erhalten,8,0,2,2,0,6,1,3,0,1,5,0,0,2.15
gewinnen,dominieren,5,2,1,5,0,7,0,2,10,6,0,9,5,4.00
hinzufügen,teilen,4,0,4,6,0,3,0,5,0,1,2,1,3,2.23
töten,erdrosseln,10,9,9,8,5,3,7,2,7,9,3,8,8,6.77
erwerben,bekommen,9,8,4,8,10,3,3,2,8,7,5,9,5,6.23
teilnehmen,beitreten,6,0,7,7,8,6,3,8,10,2,3,8,6,5.69
verlassen,zurückbleiben,3,1,4,4,0,10,0,5,8,4,0,7,0,3.54
gehen,eintreten,8,2,2,6,5,2,1,4,0,0,5,3,2,3.08
nehmen,tragen,4,0,5,1,5,6,0,6,10,2,3,0,3,3.46
vergessen,lernen,0,0,0,0,0,5,1,5,0,2,8,0,4,1.92
ernennen,wählen,10,6,8,9,7,3,3,3,0,9,0,8,7,5.62
verloben,heiraten,7,0,9,5,4,3,7,8,0,8,1,3,6,4.69
fragen,beten,0,1,0,0,0,3,0,0,0,0,5,1,4,1.08
gehen,schicken,5,0,4,3,3,3,0,0,6,0,3,3,3,2.54
nehmen,überbringen,0,0,7,4,0,8,0,2,0,0,0,0,0,1.62
sprechen,hören,1,2,0,0,10,2,0,8,7,1,0,5,0,2.77
auswerten,beurteilen,7,7,2,5,6,8,5,7,3,8,3,7,7,5.77
behaupten,rationalisieren,1,2,0,0,2,8,0,8,1,1,0,6,0,2.23
verlieren,behalten,0,0,0,0,6,2,2,4,2,1,0,5,0,1.69
vergleichen,auswerten,6,6,7,7,6,4,5,6,7,6,4,7,6,5.92
durcheinanderbringen,ordnen,0,0,0,0,7,8,5,6,0,1,0,8,0,2.69
gehen,erlauben,0,2,0,0,4,4,0,7,0,0,0,3,0,1.54
nehmen,besitzen,2,1,0,7,5,2,3,7,6,4,2,4,2,3.46
lernen,zuhören,8,3,6,1,6,3,3,8,9,2,0,4,2,4.23
zerstören,erbauen,0,0,0,0,10,7,5,6,9,1,0,5,0,3.31
erschaffen,bauen,8,0,8,9,8,2,10,7,9,10,7,4,8,6.92
stehlen,kaufen,0,0,0,1,3,8,5,6,2,1,0,6,0,2.46
täten,erhängen,0,2,2,7,4,4,0,6,3,0,0,7,5,3.08
vergessen,wissen,0,0,0,0,9,6,4,8,5,1,0,3,0,2.77
erschaffen,vorstellen,2,1,0,0,1,2,0,5,6,1,0,6,0,1.85
tun,passieren,4,2,0,1,8,6,0,8,7,2,3,4,3,3.69
gewinnen,erreichen,9,1,4,7,2,1,0,6,9,9,8,8,8,5.54
geben,verweigern,0,1,0,0,3,4,4,6,0,1,0,4,0,1.77
verdienen,einnehmen,10,6,4,9,2,7,10,6,7,9,7,4,7,6.77
bekommen,legen,1,0,0,0,1,4,0,7,4,1,0,6,0,1.85
verorten,finden,7,3,7,1,1,6,0,8,1,1,7,4,6,4.00
erscheinen,beiwohnen,2,1,5,2,2,1,5,8,10,5,0,6,0,3.62
wissen,begreifen,7,2,2,3,7,4,7,8,10,4,5,5,8,5.54
vorgeben,vorstellen,3,1,2,1,6,5,1,7,7,5,2,6,0,3.54
befriedigen,zufriedenstellen,7,6,10,7,8,2,9,5,10,7,6,5,8,6.92
hegen,behalten,1,2,1,5,4,6,1,6,0,7,0,6,1,3.08
behaupten,abweichen,1,1,0,0,2,8,0,8,1,1,0,4,2,2.15
überwinden,dominieren,1,0,3,7,8,3,0,7,8,1,3,6,7,4.15
benehmen,gehorchen,4,3,0,4,6,4,0,5,5,3,3,4,7,3.69
zusammenarbeiten,teilnehmen,4,4,0,1,8,9,4,6,9,3,5,5,7,5.00
erreichen,versuchen,3,4,0,3,0,7,4,6,8,2,0,5,3,3.46
scheitern,entmutigen,6,2,6,4,5,2,3,7,6,4,3,8,5,4.69
beginnen,aufhören,0,1,0,0,10,5,4,6,0,1,0,6,0,2.54
sagen,teilnehmen,1,1,0,1,2,3,0,6,3,0,0,5,0,1.69
kommen,bringen,0,1,0,2,1,7,0,6,8,2,0,4,5,2.77
verkünden,ankündigen,9,6,9,9,7,5,10,8,10,9,8,5,6,7.77
lesen,begreifen,4,3,0,2,5,8,6,6,6,2,2,3,6,4.08
nehmen,zurücklassen,0,1,0,0,8,5,3,3,4,1,0,6,0,2.38
ausrufen,ankündigen,7,3,8,8,8,2,0,8,3,7,7,7,5,5.62
erwerben,erlangen,8,2,10,9,2,1,7,6,5,7,7,5,7,5.85
folgern,entscheiden,7,4,0,3,6,3,3,6,10,1,1,3,0,3.62
zufriedenstellen,anflehen,1,2,0,0,3,1,0,9,2,0,0,5,0,1.77
behaupten,beweisen,3,7,0,0,7,3,4,5,3,4,0,5,1,3.23
fragen,anflehen,1,0,6,1,6,4,0,4,10,4,0,7,3,3.54
finden,verschwinden,0,1,0,0,4,10,2,5,1,2,0,5,0,2.31
prüfen,überprüfen,8,6,10,9,6,9,9,6,9,10,7,6,9,8.00
versichern,rechtfertigen,5,2,3,2,4,0,0,4,0,6,1,5,4,2.77
mutmaßen,voraussagen,5,2,6,8,9,0,1,8,9,2,2,6,4,4.77
lernen,beurteilen,2,1,2,1,1,3,0,8,1,1,0,8,0,2.15
behaupten,rechtfertigen,4,4,7,1,3,0,3,7,3,1,3,5,5,3.54
anfertigen,werden,0,3,2,0,1,0,3,3,3,1,7,3,0,2.00
entdecken,entstehen,4,2,4,0,4,0,4,0,7,8,7,2,0,3.23
erreichen,gelingen,7,8,3,8,1,7,4,8,9,7,8,9,2,6.23
geben,stellen,7,2,3,0,0,0,0,4,5,9,4,3,0,2.85
verstehen,zuhören,7,6,2,0,4,4,7,1,5,2,9,2,4,4.08
ausdehnen,wachsen,10,4,2,6,5,6,8,7,7,4,7,7,9,6.31
ausleihen,verkaufen,1,0,0,2,0,1,2,0,5,7,5,1,0,1.85
behalten,beschützen,6,2,2,0,2,0,2,0,7,7,2,4,0,2.62
erklären,beweisen,8,1,3,4,0,5,7,2,8,7,9,6,7,5.15
mutmaßen,vorgeben,2,2,1,1,2,1,5,0,3,2,8,7,0,2.62
zustimmen,zufriedenstellen,4,6,1,3,0,5,7,0,6,3,6,2,5,3.69
vergeben,vergessen,9,6,6,0,0,0,8,5,4,9,9,1,6,4.85
klären,erklären,9,7,2,3,5,4,7,5,8,7,8,6,5,5.85
verstehen,vergeben,4,5,6,6,0,0,0,2,6,2,7,2,6,3.54
erinnern,vergessen,1,0,0,0,0,1,3,0,10,7,7,1,0,2.31
bekommen,zurückbleiben,1,2,2,0,0,0,4,0,3,2,5,1,0,1.54
erkennen,entdecken,9,6,3,5,3,0,7,7,8,9,2,4,6,5.31
benötigen,nachforschen,2,2,2,0,1,1,4,0,5,3,5,1,0,2.00
übergehen,fragen,1,1,0,0,0,0,0,0,6,6,2,1,0,1.31
denken,erkundigen,6,2,3,0,1,3,6,0,2,6,7,2,0,2.92
ablehnen,vermeiden,8,7,3,8,3,5,3,2,5,8,6,8,7,5.62
behaupten,überzeugen,7,7,1,6,3,2,1,5,6,7,7,3,3,4.46
verfolgen,überzeugen,3,3,0,3,0,1,1,0,4,4,6,1,0,2.00
einsehen,vergeben,7,6,3,6,2,3,4,2,4,5,3,3,0,3.69
tun,aufhören,1,0,1,0,0,0,3,0,6,9,3,1,0,1.85
untersuchen,überprüfen,10,9,2,7,9,5,9,8,6,9,5,7,6,7.08
debattieren,erklären,7,4,2,4,6,6,8,5,7,1,8,4,2,4.92
schulden,ausleihen,6,0,0,5,0,6,4,5,1,1,10,1,0,3.00
erkunden,entdecken,10,8,6,9,9,1,5,9,10,5,10,8,6,7.38
beschweren,behaupten,8,2,1,0,0,1,1,4,3,6,1,1,0,2.15
zurückziehen,ablehnen,10,5,1,6,4,0,0,1,7,4,5,7,0,3.85
behalten,ausleihen,1,3,0,0,0,1,3,0,8,9,5,0,0,2.31
betteln,fragen,8,3,1,0,6,2,1,4,5,6,4,5,5,3.85
anordnen,gliedern,9,4,1,8,4,6,0,8,7,3,2,8,9,5.31
verringern,schrumpfen,9,9,2,9,7,5,1,8,8,8,8,7,9,6.92
sprechen,anerkennen,6,2,1,0,0,1,2,0,3,3,7,2,2,2.23
geben,ausleihen,9,5,1,9,0,5,2,2,6,3,7,1,0,3.85
töten,verteidigen,8,1,2,0,1,0,1,0,5,6,6,0,0,2.31
verschwinden,schrumpfen,6,8,1,4,6,4,9,1,3,3,5,2,6,4.46
überbringen,tragen,5,5,0,2,0,3,8,6,4,4,7,3,0,3.62
atmen,ersticken,0,0,0,0,0,1,5,0,4,4,6,1,0,1.62
anerkennen,benachrichtigen,3,2,2,0,0,0,4,2,6,1,2,1,0,1.77
werden,scheinen,0,5,4,5,1,1,5,0,1,4,5,3,0,2.62
vorgeben,scheinen,7,4,1,7,0,2,4,10,3,8,3,1,5,4.23
vollenden,werden,8,7,4,7,1,0,2,6,4,5,3,6,0,4.08
nachsinnen,denken,9,8,2,8,7,5,9,8,7,5,7,0,7,6.31
festlegen,vorhersagen,8,5,1,0,1,4,6,5,4,3,3,2,0,3.23
zufriedenstellen,unterhalten,7,3,2,0,0,2,2,0,3,5,6,0,1,2.38
bleiben,zurückhalten,9,6,1,0,0,1,9,3,5,6,7,1,5,4.08
vorgeben,verkörpern,8,6,1,7,3,3,8,4,2,4,9,8,3,5.08
vergessen,beibehalten,1,3,0,1,5,3,7,0,0,2,0,6,4,2.46
wollen,aussuchen,0,1,3,9,4,0,6,0,6,4,7,8,7,4.23
verlieren,bekommen,1,1,0,1,5,8,7,0,0,0,0,4,3,2.31
versuchen,denken,0,3,0,1,7,1,6,0,0,3,0,9,5,2.69
werden,auftauchen,0,1,0,1,1,8,1,0,0,0,0,9,2,1.77
verlassen,übergehen,0,3,0,8,4,5,3,1,2,1,2,9,2,3.08
annehmen,empfehlen,6,1,1,0,7,4,5,0,1,3,0,3,2,2.54
zurücklassen,wandern,0,1,2,0,9,4,2,0,0,0,0,0,3,1.62
behalten,geben,1,1,0,1,0,8,9,0,1,2,0,0,5,2.15
geben,erlauben,1,3,0,1,7,4,5,0,0,4,5,3,3,2.77
bringen,schicken,0,4,7,8,1,7,6,1,3,6,0,7,8,4.46
aufnehmen,lernen,6,9,7,8,9,5,6,4,6,2,3,5,5,5.77
erlangen,finden,2,1,3,8,8,2,5,7,4,2,3,5,4,4.15
verlassen,auftauchen,0,1,0,1,4,2,6,2,0,1,0,9,0,2.00
erschaffen,zerstören,2,1,0,1,5,4,7,0,0,1,1,5,3,2.31
anfangen,gehen,0,2,0,1,5,4,3,0,1,6,0,7,1,2.31
bekommen,kaufen,3,2,6,8,3,4,8,4,2,2,6,2,6,4.31
sammeln,aufbewahren,9,7,7,8,10,5,7,3,9,7,8,3,8,7.00
ersetzen,wiederherstellen,7,10,1,8,6,7,10,0,9,8,2,3,4,5.77
zusammenfügen,hinzufügen,0,7,6,8,10,2,6,3,8,8,5,8,4,5.77
vereinigen,heiraten,3,8,6,8,9,6,7,5,6,8,8,8,6,6.77
annehmen,ausliefern,0,1,0,1,10,1,7,0,1,1,1,10,5,2.92
anfügen,zusammenfügen,0,6,8,8,10,3,9,7,7,6,8,2,4,6.00
stellen,aufhängen,2,2,1,2,9,4,5,0,2,2,5,1,2,2.85
gehen,verkaufen,0,0,0,0,3,5,5,0,0,1,0,6,5,1.92
mitteilen,beten,0,4,0,8,2,3,1,0,0,3,0,6,6,2.54
geben,stehlen,0,0,0,1,2,0,8,0,0,0,1,0,5,1.31
hinzufügen,bauen,1,5,5,3,9,5,10,0,3,5,5,6,4,4.69
bringen,wiederherstellen,1,2,0,1,8,3,6,1,0,2,2,3,2,2.38
begreifen,befriedigen,0,4,0,1,1,4,0,0,2,1,0,0,3,1.23
verkörpern,entscheiden,0,0,0,0,3,2,0,0,0,2,0,2,4,1.00
gliedern,werden,0,0,0,0,7,0,5,0,2,1,3,4,3,1.92
geben,wissen,0,1,0,0,2,1,6,0,0,5,0,7,3,1.92
sagen,bewahrheiten,3,4,2,2,8,3,6,1,4,7,4,9,7,4.62
zusammenarbeiten,beitreten,0,6,0,8,9,7,1,2,2,3,0,1,5,3.38
anordnen,verlangen,3,0,8,9,6,2,0,9,8,2,9,7,5,5.23
ausleihen,wollen,0,1,2,1,5,4,2,0,5,1,1,5,6,2.54
untersuchen,nachgehen,0,9,10,9,9,4,6,10,8,9,10,7,6,7.46
übergehen,erkunden,0,1,0,1,4,0,0,0,0,1,0,10,1,1.38
bringen,beschweren,0,0,0,0,6,1,6,0,0,1,0,1,5,1.54
eintreten,schulden,0,0,0,0,6,3,0,0,0,0,1,8,2,1.54
verkörpern,benachrichtigen,0,0,0,1,5,3,1,0,0,5,0,7,2,1.85
erinnern,verkaufen,0,0,0,0,8,2,0,0,0,2,0,9,2,1.77
aufnehmen,besitzen,1,0,0,8,8,3,7,4,3,5,3,1,3,3.54
beitreten,erwerben,2,0,0,1,6,1,3,0,2,5,1,3,7,2.38
schicken,beiwohnen,0,0,0,0,1,2,1,0,0,1,1,4,2,0.92
versammeln,beiwohnen,6,4,3,2,3,3,6,0,2,7,6,4,3,3.77
aufnehmen,zurückziehen,0,1,0,1,1,0,5,0,0,0,1,4,2,1.15
beiwohnen,ankommen,0,6,0,1,4,1,5,0,6,5,1,2,3,2.62
